#
# Sprite sheet data for MonoGame.
#
# To learn how to import these sprites into your MonoGame project visit:
# https://www.codeandweb.com/texturepacker/monogame
#
# Sprite sheet: pokemon-2.png (2040 x 784)
# $TexturePacker:SmartUpdate:94bc6f04b37044b5e24469c21c7c93b2:5b4f9edba062707101f0f5596a9a1164:225e23eb94ab5bd2edbd612be0ba33c5$
#

0773_017_mf_n_00000000_n;0;0;0;68;56;68;56;0.5;0.5
0773_017_mf_n_00000000_r;0;68;0;68;56;68;56;0.5;0.5
0774_000_mf_n_00000000_n;0;136;0;68;56;68;56;0.5;0.5
0774_007_mf_n_00000000_n;0;204;0;68;56;68;56;0.5;0.5
0774_007_mf_n_00000000_r;0;272;0;68;56;68;56;0.5;0.5
0774_008_mf_n_00000000_n;0;340;0;68;56;68;56;0.5;0.5
0774_009_mf_n_00000000_n;0;408;0;68;56;68;56;0.5;0.5
0774_010_mf_n_00000000_n;0;476;0;68;56;68;56;0.5;0.5
0774_011_mf_n_00000000_n;0;544;0;68;56;68;56;0.5;0.5
0774_012_mf_n_00000000_n;0;612;0;68;56;68;56;0.5;0.5
0774_013_mf_n_00000000_n;0;680;0;68;56;68;56;0.5;0.5
0775_000_mf_n_00000000_n;0;748;0;68;56;68;56;0.5;0.5
0775_000_mf_n_00000000_r;0;816;0;68;56;68;56;0.5;0.5
0776_000_mf_n_00000000_n;0;884;0;68;56;68;56;0.5;0.5
0776_000_mf_n_00000000_r;0;952;0;68;56;68;56;0.5;0.5
0777_000_mf_n_00000000_n;0;1020;0;68;56;68;56;0.5;0.5
0777_000_mf_n_00000000_r;0;1088;0;68;56;68;56;0.5;0.5
0778_000_mf_n_00000000_n;0;1156;0;68;56;68;56;0.5;0.5
0778_000_mf_n_00000000_r;0;1224;0;68;56;68;56;0.5;0.5
0779_000_mf_n_00000000_n;0;1292;0;68;56;68;56;0.5;0.5
0779_000_mf_n_00000000_r;0;1360;0;68;56;68;56;0.5;0.5
0780_000_mf_n_00000000_n;0;1428;0;68;56;68;56;0.5;0.5
0780_000_mf_n_00000000_r;0;1496;0;68;56;68;56;0.5;0.5
0781_000_mf_n_00000000_n;0;1564;0;68;56;68;56;0.5;0.5
0781_000_mf_n_00000000_r;0;1632;0;68;56;68;56;0.5;0.5
0782_000_mf_n_00000000_n;0;1700;0;68;56;68;56;0.5;0.5
0782_000_mf_n_00000000_r;0;1768;0;68;56;68;56;0.5;0.5
0783_000_mf_n_00000000_n;0;1836;0;68;56;68;56;0.5;0.5
0783_000_mf_n_00000000_r;0;1904;0;68;56;68;56;0.5;0.5
0784_000_mf_n_00000000_n;0;1972;0;68;56;68;56;0.5;0.5
0784_000_mf_n_00000000_r;0;0;56;68;56;68;56;0.5;0.5
0785_000_mf_n_00000000_n;0;68;56;68;56;68;56;0.5;0.5
0785_000_mf_n_00000000_r;0;136;56;68;56;68;56;0.5;0.5
0786_000_mf_n_00000000_n;0;204;56;68;56;68;56;0.5;0.5
0786_000_mf_n_00000000_r;0;272;56;68;56;68;56;0.5;0.5
0787_000_mf_n_00000000_n;0;340;56;68;56;68;56;0.5;0.5
0787_000_mf_n_00000000_r;0;408;56;68;56;68;56;0.5;0.5
0788_000_mf_n_00000000_n;0;476;56;68;56;68;56;0.5;0.5
0788_000_mf_n_00000000_r;0;544;56;68;56;68;56;0.5;0.5
0789_000_mf_n_00000000_n;0;612;56;68;56;68;56;0.5;0.5
0789_000_mf_n_00000000_r;0;680;56;68;56;68;56;0.5;0.5
0790_000_mf_n_00000000_n;0;748;56;68;56;68;56;0.5;0.5
0790_000_mf_n_00000000_r;0;816;56;68;56;68;56;0.5;0.5
0791_000_mf_n_00000000_n;0;884;56;68;56;68;56;0.5;0.5
0791_000_mf_n_00000000_r;0;952;56;68;56;68;56;0.5;0.5
0792_000_mf_n_00000000_n;0;1020;56;68;56;68;56;0.5;0.5
0792_000_mf_n_00000000_r;0;1088;56;68;56;68;56;0.5;0.5
0793_000_mf_n_00000000_n;0;1156;56;68;56;68;56;0.5;0.5
0793_000_mf_n_00000000_r;0;1224;56;68;56;68;56;0.5;0.5
0794_000_mf_n_00000000_n;0;1292;56;68;56;68;56;0.5;0.5
0794_000_mf_n_00000000_r;0;1360;56;68;56;68;56;0.5;0.5
0795_000_mf_n_00000000_n;0;1428;56;68;56;68;56;0.5;0.5
0795_000_mf_n_00000000_r;0;1496;56;68;56;68;56;0.5;0.5
0796_000_mf_n_00000000_n;0;1564;56;68;56;68;56;0.5;0.5
0796_000_mf_n_00000000_r;0;1632;56;68;56;68;56;0.5;0.5
0797_000_mf_n_00000000_n;0;1700;56;68;56;68;56;0.5;0.5
0797_000_mf_n_00000000_r;0;1768;56;68;56;68;56;0.5;0.5
0798_000_mf_n_00000000_n;0;1836;56;68;56;68;56;0.5;0.5
0798_000_mf_n_00000000_r;0;1904;56;68;56;68;56;0.5;0.5
0799_000_mf_n_00000000_n;0;1972;56;68;56;68;56;0.5;0.5
0799_000_mf_n_00000000_r;0;0;112;68;56;68;56;0.5;0.5
0800_000_mf_n_00000000_n;0;68;112;68;56;68;56;0.5;0.5
0800_000_mf_n_00000000_r;0;136;112;68;56;68;56;0.5;0.5
0800_001_mf_n_00000000_n;0;204;112;68;56;68;56;0.5;0.5
0800_001_mf_n_00000000_r;0;272;112;68;56;68;56;0.5;0.5
0800_002_mf_n_00000000_n;0;340;112;68;56;68;56;0.5;0.5
0800_002_mf_n_00000000_r;0;408;112;68;56;68;56;0.5;0.5
0800_003_mf_n_00000000_n;0;476;112;68;56;68;56;0.5;0.5
0800_003_mf_n_00000000_r;0;544;112;68;56;68;56;0.5;0.5
0801_000_mf_n_00000000_n;0;612;112;68;56;68;56;0.5;0.5
0801_000_mf_n_00000000_r;0;680;112;68;56;68;56;0.5;0.5
0801_001_mf_n_00000000_n;0;748;112;68;56;68;56;0.5;0.5
0801_001_mf_n_00000000_r;0;816;112;68;56;68;56;0.5;0.5
0802_000_mf_n_00000000_n;0;884;112;68;56;68;56;0.5;0.5
0802_000_mf_n_00000000_r;0;952;112;68;56;68;56;0.5;0.5
0803_000_mf_n_00000000_n;0;1020;112;68;56;68;56;0.5;0.5
0803_000_mf_n_00000000_r;0;1088;112;68;56;68;56;0.5;0.5
0804_000_mf_n_00000000_n;0;1156;112;68;56;68;56;0.5;0.5
0804_000_mf_n_00000000_r;0;1224;112;68;56;68;56;0.5;0.5
0805_000_mf_n_00000000_n;0;1292;112;68;56;68;56;0.5;0.5
0805_000_mf_n_00000000_r;0;1360;112;68;56;68;56;0.5;0.5
0806_000_mf_n_00000000_n;0;1428;112;68;56;68;56;0.5;0.5
0806_000_mf_n_00000000_r;0;1496;112;68;56;68;56;0.5;0.5
0807_000_mf_n_00000000_n;0;1564;112;68;56;68;56;0.5;0.5
0807_000_mf_n_00000000_r;0;1632;112;68;56;68;56;0.5;0.5
0808_000_mf_n_00000000_n;0;1700;112;68;56;68;56;0.5;0.5
0808_000_mf_n_00000000_r;0;1768;112;68;56;68;56;0.5;0.5
0809_000_mf_g_00000000_n;0;1836;112;68;56;68;56;0.5;0.5
0809_000_mf_g_00000000_r;0;1904;112;68;56;68;56;0.5;0.5
0809_000_mf_n_00000000_n;0;1972;112;68;56;68;56;0.5;0.5
0809_000_mf_n_00000000_r;0;0;168;68;56;68;56;0.5;0.5
0810_000_mf_n_00000000_n;0;68;168;68;56;68;56;0.5;0.5
0810_000_mf_n_00000000_r;0;136;168;68;56;68;56;0.5;0.5
0811_000_mf_n_00000000_n;0;204;168;68;56;68;56;0.5;0.5
0811_000_mf_n_00000000_r;0;272;168;68;56;68;56;0.5;0.5
0812_000_mf_g_00000000_n;0;340;168;68;56;68;56;0.5;0.5
0812_000_mf_g_00000000_r;0;408;168;68;56;68;56;0.5;0.5
0812_000_mf_n_00000000_n;0;476;168;68;56;68;56;0.5;0.5
0812_000_mf_n_00000000_r;0;544;168;68;56;68;56;0.5;0.5
0813_000_mf_n_00000000_n;0;612;168;68;56;68;56;0.5;0.5
0813_000_mf_n_00000000_r;0;680;168;68;56;68;56;0.5;0.5
0814_000_mf_n_00000000_n;0;748;168;68;56;68;56;0.5;0.5
0814_000_mf_n_00000000_r;0;816;168;68;56;68;56;0.5;0.5
0815_000_mf_g_00000000_n;0;884;168;68;56;68;56;0.5;0.5
0815_000_mf_g_00000000_r;0;952;168;68;56;68;56;0.5;0.5
0815_000_mf_n_00000000_n;0;1020;168;68;56;68;56;0.5;0.5
0815_000_mf_n_00000000_r;0;1088;168;68;56;68;56;0.5;0.5
0816_000_mf_n_00000000_n;0;1156;168;68;56;68;56;0.5;0.5
0816_000_mf_n_00000000_r;0;1224;168;68;56;68;56;0.5;0.5
0817_000_mf_n_00000000_n;0;1292;168;68;56;68;56;0.5;0.5
0817_000_mf_n_00000000_r;0;1360;168;68;56;68;56;0.5;0.5
0818_000_mf_g_00000000_n;0;1428;168;68;56;68;56;0.5;0.5
0818_000_mf_g_00000000_r;0;1496;168;68;56;68;56;0.5;0.5
0818_000_mf_n_00000000_n;0;1564;168;68;56;68;56;0.5;0.5
0818_000_mf_n_00000000_r;0;1632;168;68;56;68;56;0.5;0.5
0819_000_mf_n_00000000_n;0;1700;168;68;56;68;56;0.5;0.5
0819_000_mf_n_00000000_r;0;1768;168;68;56;68;56;0.5;0.5
0820_000_mf_n_00000000_n;0;1836;168;68;56;68;56;0.5;0.5
0820_000_mf_n_00000000_r;0;1904;168;68;56;68;56;0.5;0.5
0821_000_mf_n_00000000_n;0;1972;168;68;56;68;56;0.5;0.5
0821_000_mf_n_00000000_r;0;0;224;68;56;68;56;0.5;0.5
0822_000_mf_n_00000000_n;0;68;224;68;56;68;56;0.5;0.5
0822_000_mf_n_00000000_r;0;136;224;68;56;68;56;0.5;0.5
0823_000_mf_g_00000000_n;0;204;224;68;56;68;56;0.5;0.5
0823_000_mf_g_00000000_r;0;272;224;68;56;68;56;0.5;0.5
0823_000_mf_n_00000000_n;0;340;224;68;56;68;56;0.5;0.5
0823_000_mf_n_00000000_r;0;408;224;68;56;68;56;0.5;0.5
0824_000_mf_n_00000000_n;0;476;224;68;56;68;56;0.5;0.5
0824_000_mf_n_00000000_r;0;544;224;68;56;68;56;0.5;0.5
0825_000_mf_n_00000000_n;0;612;224;68;56;68;56;0.5;0.5
0825_000_mf_n_00000000_r;0;680;224;68;56;68;56;0.5;0.5
0826_000_mf_g_00000000_n;0;748;224;68;56;68;56;0.5;0.5
0826_000_mf_g_00000000_r;0;816;224;68;56;68;56;0.5;0.5
0826_000_mf_n_00000000_n;0;884;224;68;56;68;56;0.5;0.5
0826_000_mf_n_00000000_r;0;952;224;68;56;68;56;0.5;0.5
0827_000_mf_n_00000000_n;0;1020;224;68;56;68;56;0.5;0.5
0827_000_mf_n_00000000_r;0;1088;224;68;56;68;56;0.5;0.5
0828_000_mf_n_00000000_n;0;1156;224;68;56;68;56;0.5;0.5
0828_000_mf_n_00000000_r;0;1224;224;68;56;68;56;0.5;0.5
0829_000_mf_n_00000000_n;0;1292;224;68;56;68;56;0.5;0.5
0829_000_mf_n_00000000_r;0;1360;224;68;56;68;56;0.5;0.5
0830_000_mf_n_00000000_n;0;1428;224;68;56;68;56;0.5;0.5
0830_000_mf_n_00000000_r;0;1496;224;68;56;68;56;0.5;0.5
0831_000_mf_n_00000000_n;0;1564;224;68;56;68;56;0.5;0.5
0831_000_mf_n_00000000_r;0;1632;224;68;56;68;56;0.5;0.5
0832_000_mf_n_00000000_n;0;1700;224;68;56;68;56;0.5;0.5
0832_000_mf_n_00000000_r;0;1768;224;68;56;68;56;0.5;0.5
0833_000_mf_n_00000000_n;0;1836;224;68;56;68;56;0.5;0.5
0833_000_mf_n_00000000_r;0;1904;224;68;56;68;56;0.5;0.5
0834_000_mf_g_00000000_n;0;1972;224;68;56;68;56;0.5;0.5
0834_000_mf_g_00000000_r;0;0;280;68;56;68;56;0.5;0.5
0834_000_mf_n_00000000_n;0;68;280;68;56;68;56;0.5;0.5
0834_000_mf_n_00000000_r;0;136;280;68;56;68;56;0.5;0.5
0835_000_mf_n_00000000_n;0;204;280;68;56;68;56;0.5;0.5
0835_000_mf_n_00000000_r;0;272;280;68;56;68;56;0.5;0.5
0836_000_mf_n_00000000_n;0;340;280;68;56;68;56;0.5;0.5
0836_000_mf_n_00000000_r;0;408;280;68;56;68;56;0.5;0.5
0837_000_mf_n_00000000_n;0;476;280;68;56;68;56;0.5;0.5
0837_000_mf_n_00000000_r;0;544;280;68;56;68;56;0.5;0.5
0838_000_mf_n_00000000_n;0;612;280;68;56;68;56;0.5;0.5
0838_000_mf_n_00000000_r;0;680;280;68;56;68;56;0.5;0.5
0839_000_mf_g_00000000_n;0;748;280;68;56;68;56;0.5;0.5
0839_000_mf_g_00000000_r;0;816;280;68;56;68;56;0.5;0.5
0839_000_mf_n_00000000_n;0;884;280;68;56;68;56;0.5;0.5
0839_000_mf_n_00000000_r;0;952;280;68;56;68;56;0.5;0.5
0840_000_mf_n_00000000_n;0;1020;280;68;56;68;56;0.5;0.5
0840_000_mf_n_00000000_r;0;1088;280;68;56;68;56;0.5;0.5
0841_000_mf_g_00000000_n;0;1156;280;68;56;68;56;0.5;0.5
0841_000_mf_g_00000000_r;0;1224;280;68;56;68;56;0.5;0.5
0841_000_mf_n_00000000_n;0;1292;280;68;56;68;56;0.5;0.5
0841_000_mf_n_00000000_r;0;1360;280;68;56;68;56;0.5;0.5
0842_000_mf_n_00000000_n;0;1428;280;68;56;68;56;0.5;0.5
0842_000_mf_n_00000000_r;0;1496;280;68;56;68;56;0.5;0.5
0843_000_mf_n_00000000_n;0;1564;280;68;56;68;56;0.5;0.5
0843_000_mf_n_00000000_r;0;1632;280;68;56;68;56;0.5;0.5
0844_000_mf_g_00000000_n;0;1700;280;68;56;68;56;0.5;0.5
0844_000_mf_g_00000000_r;0;1768;280;68;56;68;56;0.5;0.5
0844_000_mf_n_00000000_n;0;1836;280;68;56;68;56;0.5;0.5
0844_000_mf_n_00000000_r;0;1904;280;68;56;68;56;0.5;0.5
0845_000_mf_n_00000000_n;0;1972;280;68;56;68;56;0.5;0.5
0845_000_mf_n_00000000_r;0;0;336;68;56;68;56;0.5;0.5
0845_001_mf_n_00000000_n;0;68;336;68;56;68;56;0.5;0.5
0845_001_mf_n_00000000_r;0;136;336;68;56;68;56;0.5;0.5
0845_002_mf_n_00000000_n;0;204;336;68;56;68;56;0.5;0.5
0845_002_mf_n_00000000_r;0;272;336;68;56;68;56;0.5;0.5
0846_000_mf_n_00000000_n;0;340;336;68;56;68;56;0.5;0.5
0846_000_mf_n_00000000_r;0;408;336;68;56;68;56;0.5;0.5
0847_000_mf_n_00000000_n;0;476;336;68;56;68;56;0.5;0.5
0847_000_mf_n_00000000_r;0;544;336;68;56;68;56;0.5;0.5
0848_000_mf_n_00000000_n;0;612;336;68;56;68;56;0.5;0.5
0848_000_mf_n_00000000_r;0;680;336;68;56;68;56;0.5;0.5
0849_000_mf_g_00000000_n;0;748;336;68;56;68;56;0.5;0.5
0849_000_mf_g_00000000_r;0;816;336;68;56;68;56;0.5;0.5
0849_000_mf_n_00000000_n;0;884;336;68;56;68;56;0.5;0.5
0849_000_mf_n_00000000_r;0;952;336;68;56;68;56;0.5;0.5
0849_001_mf_n_00000000_n;0;1020;336;68;56;68;56;0.5;0.5
0849_001_mf_n_00000000_r;0;1088;336;68;56;68;56;0.5;0.5
0850_000_mf_n_00000000_n;0;1156;336;68;56;68;56;0.5;0.5
0850_000_mf_n_00000000_r;0;1224;336;68;56;68;56;0.5;0.5
0851_000_mf_g_00000000_n;0;1292;336;68;56;68;56;0.5;0.5
0851_000_mf_g_00000000_r;0;1360;336;68;56;68;56;0.5;0.5
0851_000_mf_n_00000000_n;0;1428;336;68;56;68;56;0.5;0.5
0851_000_mf_n_00000000_r;0;1496;336;68;56;68;56;0.5;0.5
0852_000_mf_n_00000000_n;0;1564;336;68;56;68;56;0.5;0.5
0852_000_mf_n_00000000_r;0;1632;336;68;56;68;56;0.5;0.5
0853_000_mf_n_00000000_n;0;1700;336;68;56;68;56;0.5;0.5
0853_000_mf_n_00000000_r;0;1768;336;68;56;68;56;0.5;0.5
0854_000_mf_n_00000000_n;0;1836;336;68;56;68;56;0.5;0.5
0854_000_mf_n_00000000_r;0;1904;336;68;56;68;56;0.5;0.5
0855_000_mf_n_00000000_n;0;1972;336;68;56;68;56;0.5;0.5
0855_000_mf_n_00000000_r;0;0;392;68;56;68;56;0.5;0.5
0856_000_mf_n_00000000_n;0;68;392;68;56;68;56;0.5;0.5
0856_000_mf_n_00000000_r;0;136;392;68;56;68;56;0.5;0.5
0857_000_mf_n_00000000_n;0;204;392;68;56;68;56;0.5;0.5
0857_000_mf_n_00000000_r;0;272;392;68;56;68;56;0.5;0.5
0858_000_mf_g_00000000_n;0;340;392;68;56;68;56;0.5;0.5
0858_000_mf_g_00000000_r;0;408;392;68;56;68;56;0.5;0.5
0858_000_mf_n_00000000_n;0;476;392;68;56;68;56;0.5;0.5
0858_000_mf_n_00000000_r;0;544;392;68;56;68;56;0.5;0.5
0859_000_mf_n_00000000_n;0;612;392;68;56;68;56;0.5;0.5
0859_000_mf_n_00000000_r;0;680;392;68;56;68;56;0.5;0.5
0860_000_mf_n_00000000_n;0;748;392;68;56;68;56;0.5;0.5
0860_000_mf_n_00000000_r;0;816;392;68;56;68;56;0.5;0.5
0861_000_mf_g_00000000_n;0;884;392;68;56;68;56;0.5;0.5
0861_000_mf_g_00000000_r;0;952;392;68;56;68;56;0.5;0.5
0861_000_mf_n_00000000_n;0;1020;392;68;56;68;56;0.5;0.5
0861_000_mf_n_00000000_r;0;1088;392;68;56;68;56;0.5;0.5
0862_000_mf_n_00000000_n;0;1156;392;68;56;68;56;0.5;0.5
0862_000_mf_n_00000000_r;0;1224;392;68;56;68;56;0.5;0.5
0863_000_mf_n_00000000_n;0;1292;392;68;56;68;56;0.5;0.5
0863_000_mf_n_00000000_r;0;1360;392;68;56;68;56;0.5;0.5
0864_000_mf_n_00000000_n;0;1428;392;68;56;68;56;0.5;0.5
0864_000_mf_n_00000000_r;0;1496;392;68;56;68;56;0.5;0.5
0865_000_mf_n_00000000_n;0;1564;392;68;56;68;56;0.5;0.5
0865_000_mf_n_00000000_r;0;1632;392;68;56;68;56;0.5;0.5
0866_000_mf_n_00000000_n;0;1700;392;68;56;68;56;0.5;0.5
0866_000_mf_n_00000000_r;0;1768;392;68;56;68;56;0.5;0.5
0867_000_mf_n_00000000_n;0;1836;392;68;56;68;56;0.5;0.5
0867_000_mf_n_00000000_r;0;1904;392;68;56;68;56;0.5;0.5
0868_000_mf_n_00000000_n;0;1972;392;68;56;68;56;0.5;0.5
0868_000_mf_n_00000000_r;0;0;448;68;56;68;56;0.5;0.5
0869_000_mf_g_00000000_n;0;68;448;68;56;68;56;0.5;0.5
0869_000_mf_g_00000000_r;0;136;448;68;56;68;56;0.5;0.5
0869_000_mf_n_00000000_n;0;204;448;68;56;68;56;0.5;0.5
0869_000_mf_n_00000000_r;0;272;448;68;56;68;56;0.5;0.5
0869_000_mf_n_00000001_n;0;340;448;68;56;68;56;0.5;0.5
0869_000_mf_n_00000001_r;0;408;448;68;56;68;56;0.5;0.5
0869_000_mf_n_00000002_n;0;476;448;68;56;68;56;0.5;0.5
0869_000_mf_n_00000002_r;0;544;448;68;56;68;56;0.5;0.5
0869_000_mf_n_00000003_n;0;612;448;68;56;68;56;0.5;0.5
0869_000_mf_n_00000003_r;0;680;448;68;56;68;56;0.5;0.5
0869_000_mf_n_00000004_n;0;748;448;68;56;68;56;0.5;0.5
0869_000_mf_n_00000004_r;0;816;448;68;56;68;56;0.5;0.5
0869_000_mf_n_00000005_n;0;884;448;68;56;68;56;0.5;0.5
0869_000_mf_n_00000005_r;0;952;448;68;56;68;56;0.5;0.5
0869_000_mf_n_00000006_n;0;1020;448;68;56;68;56;0.5;0.5
0869_000_mf_n_00000006_r;0;1088;448;68;56;68;56;0.5;0.5
0869_001_mf_n_00000000_n;0;1156;448;68;56;68;56;0.5;0.5
0869_001_mf_n_00000001_n;0;1224;448;68;56;68;56;0.5;0.5
0869_001_mf_n_00000002_n;0;1292;448;68;56;68;56;0.5;0.5
0869_001_mf_n_00000003_n;0;1360;448;68;56;68;56;0.5;0.5
0869_001_mf_n_00000004_n;0;1428;448;68;56;68;56;0.5;0.5
0869_001_mf_n_00000005_n;0;1496;448;68;56;68;56;0.5;0.5
0869_001_mf_n_00000006_n;0;1564;448;68;56;68;56;0.5;0.5
0869_002_mf_n_00000000_n;0;1632;448;68;56;68;56;0.5;0.5
0869_002_mf_n_00000001_n;0;1700;448;68;56;68;56;0.5;0.5
0869_002_mf_n_00000002_n;0;1768;448;68;56;68;56;0.5;0.5
0869_002_mf_n_00000003_n;0;1836;448;68;56;68;56;0.5;0.5
0869_002_mf_n_00000004_n;0;1904;448;68;56;68;56;0.5;0.5
0869_002_mf_n_00000005_n;0;1972;448;68;56;68;56;0.5;0.5
0869_002_mf_n_00000006_n;0;0;504;68;56;68;56;0.5;0.5
0869_003_mf_n_00000000_n;0;68;504;68;56;68;56;0.5;0.5
0869_003_mf_n_00000001_n;0;136;504;68;56;68;56;0.5;0.5
0869_003_mf_n_00000002_n;0;204;504;68;56;68;56;0.5;0.5
0869_003_mf_n_00000003_n;0;272;504;68;56;68;56;0.5;0.5
0869_003_mf_n_00000004_n;0;340;504;68;56;68;56;0.5;0.5
0869_003_mf_n_00000005_n;0;408;504;68;56;68;56;0.5;0.5
0869_003_mf_n_00000006_n;0;476;504;68;56;68;56;0.5;0.5
0869_004_mf_n_00000000_n;0;544;504;68;56;68;56;0.5;0.5
0869_004_mf_n_00000001_n;0;612;504;68;56;68;56;0.5;0.5
0869_004_mf_n_00000002_n;0;680;504;68;56;68;56;0.5;0.5
0869_004_mf_n_00000003_n;0;748;504;68;56;68;56;0.5;0.5
0869_004_mf_n_00000004_n;0;816;504;68;56;68;56;0.5;0.5
0869_004_mf_n_00000005_n;0;884;504;68;56;68;56;0.5;0.5
0869_004_mf_n_00000006_n;0;952;504;68;56;68;56;0.5;0.5
0869_005_mf_n_00000000_n;0;1020;504;68;56;68;56;0.5;0.5
0869_005_mf_n_00000001_n;0;1088;504;68;56;68;56;0.5;0.5
0869_005_mf_n_00000002_n;0;1156;504;68;56;68;56;0.5;0.5
0869_005_mf_n_00000003_n;0;1224;504;68;56;68;56;0.5;0.5
0869_005_mf_n_00000004_n;0;1292;504;68;56;68;56;0.5;0.5
0869_005_mf_n_00000005_n;0;1360;504;68;56;68;56;0.5;0.5
0869_005_mf_n_00000006_n;0;1428;504;68;56;68;56;0.5;0.5
0869_006_mf_n_00000000_n;0;1496;504;68;56;68;56;0.5;0.5
0869_006_mf_n_00000001_n;0;1564;504;68;56;68;56;0.5;0.5
0869_006_mf_n_00000002_n;0;1632;504;68;56;68;56;0.5;0.5
0869_006_mf_n_00000003_n;0;1700;504;68;56;68;56;0.5;0.5
0869_006_mf_n_00000004_n;0;1768;504;68;56;68;56;0.5;0.5
0869_006_mf_n_00000005_n;0;1836;504;68;56;68;56;0.5;0.5
0869_006_mf_n_00000006_n;0;1904;504;68;56;68;56;0.5;0.5
0869_007_mf_n_00000000_n;0;1972;504;68;56;68;56;0.5;0.5
0869_007_mf_n_00000001_n;0;0;560;68;56;68;56;0.5;0.5
0869_007_mf_n_00000002_n;0;68;560;68;56;68;56;0.5;0.5
0869_007_mf_n_00000003_n;0;136;560;68;56;68;56;0.5;0.5
0869_007_mf_n_00000004_n;0;204;560;68;56;68;56;0.5;0.5
0869_007_mf_n_00000005_n;0;272;560;68;56;68;56;0.5;0.5
0869_007_mf_n_00000006_n;0;340;560;68;56;68;56;0.5;0.5
0869_008_mf_n_00000000_n;0;408;560;68;56;68;56;0.5;0.5
0869_008_mf_n_00000001_n;0;476;560;68;56;68;56;0.5;0.5
0869_008_mf_n_00000002_n;0;544;560;68;56;68;56;0.5;0.5
0869_008_mf_n_00000003_n;0;612;560;68;56;68;56;0.5;0.5
0869_008_mf_n_00000004_n;0;680;560;68;56;68;56;0.5;0.5
0869_008_mf_n_00000005_n;0;748;560;68;56;68;56;0.5;0.5
0869_008_mf_n_00000006_n;0;816;560;68;56;68;56;0.5;0.5
0870_000_mf_n_00000000_n;0;884;560;68;56;68;56;0.5;0.5
0870_000_mf_n_00000000_r;0;952;560;68;56;68;56;0.5;0.5
0871_000_mf_n_00000000_n;0;1020;560;68;56;68;56;0.5;0.5
0871_000_mf_n_00000000_r;0;1088;560;68;56;68;56;0.5;0.5
0872_000_mf_n_00000000_n;0;1156;560;68;56;68;56;0.5;0.5
0872_000_mf_n_00000000_r;0;1224;560;68;56;68;56;0.5;0.5
0873_000_mf_n_00000000_n;0;1292;560;68;56;68;56;0.5;0.5
0873_000_mf_n_00000000_r;0;1360;560;68;56;68;56;0.5;0.5
0874_000_mf_n_00000000_n;0;1428;560;68;56;68;56;0.5;0.5
0874_000_mf_n_00000000_r;0;1496;560;68;56;68;56;0.5;0.5
0875_000_mf_n_00000000_n;0;1564;560;68;56;68;56;0.5;0.5
0875_000_mf_n_00000000_r;0;1632;560;68;56;68;56;0.5;0.5
0875_001_mf_n_00000000_n;0;1700;560;68;56;68;56;0.5;0.5
0875_001_mf_n_00000000_r;0;1768;560;68;56;68;56;0.5;0.5
0876_000_fo_n_00000000_n;0;1836;560;68;56;68;56;0.5;0.5
0876_000_fo_n_00000000_r;0;1904;560;68;56;68;56;0.5;0.5
0876_000_mf_n_00000000_n;0;1972;560;68;56;68;56;0.5;0.5
0876_000_mf_n_00000000_r;0;0;616;68;56;68;56;0.5;0.5
0877_000_mf_n_00000000_n;0;68;616;68;56;68;56;0.5;0.5
0877_000_mf_n_00000000_r;0;136;616;68;56;68;56;0.5;0.5
0877_001_mf_n_00000000_n;0;204;616;68;56;68;56;0.5;0.5
0877_001_mf_n_00000000_r;0;272;616;68;56;68;56;0.5;0.5
0878_000_mf_n_00000000_n;0;340;616;68;56;68;56;0.5;0.5
0878_000_mf_n_00000000_r;0;408;616;68;56;68;56;0.5;0.5
0879_000_mf_g_00000000_n;0;476;616;68;56;68;56;0.5;0.5
0879_000_mf_g_00000000_r;0;544;616;68;56;68;56;0.5;0.5
0879_000_mf_n_00000000_n;0;612;616;68;56;68;56;0.5;0.5
0879_000_mf_n_00000000_r;0;680;616;68;56;68;56;0.5;0.5
0880_000_mf_n_00000000_n;0;748;616;68;56;68;56;0.5;0.5
0880_000_mf_n_00000000_r;0;816;616;68;56;68;56;0.5;0.5
0881_000_mf_n_00000000_n;0;884;616;68;56;68;56;0.5;0.5
0881_000_mf_n_00000000_r;0;952;616;68;56;68;56;0.5;0.5
0882_000_mf_n_00000000_n;0;1020;616;68;56;68;56;0.5;0.5
0882_000_mf_n_00000000_r;0;1088;616;68;56;68;56;0.5;0.5
0883_000_mf_n_00000000_n;0;1156;616;68;56;68;56;0.5;0.5
0883_000_mf_n_00000000_r;0;1224;616;68;56;68;56;0.5;0.5
0884_000_mf_g_00000000_n;0;1292;616;68;56;68;56;0.5;0.5
0884_000_mf_g_00000000_r;0;1360;616;68;56;68;56;0.5;0.5
0884_000_mf_n_00000000_n;0;1428;616;68;56;68;56;0.5;0.5
0884_000_mf_n_00000000_r;0;1496;616;68;56;68;56;0.5;0.5
0885_000_mf_n_00000000_n;0;1564;616;68;56;68;56;0.5;0.5
0885_000_mf_n_00000000_r;0;1632;616;68;56;68;56;0.5;0.5
0886_000_mf_n_00000000_n;0;1700;616;68;56;68;56;0.5;0.5
0886_000_mf_n_00000000_r;0;1768;616;68;56;68;56;0.5;0.5
0887_000_mf_n_00000000_n;0;1836;616;68;56;68;56;0.5;0.5
0887_000_mf_n_00000000_r;0;1904;616;68;56;68;56;0.5;0.5
0888_000_mf_n_00000000_n;0;1972;616;68;56;68;56;0.5;0.5
0888_000_mf_n_00000000_r;0;0;672;68;56;68;56;0.5;0.5
0888_001_mf_n_00000000_n;0;68;672;68;56;68;56;0.5;0.5
0888_001_mf_n_00000000_r;0;136;672;68;56;68;56;0.5;0.5
0889_000_mf_n_00000000_n;0;204;672;68;56;68;56;0.5;0.5
0889_000_mf_n_00000000_r;0;272;672;68;56;68;56;0.5;0.5
0889_001_mf_n_00000000_n;0;340;672;68;56;68;56;0.5;0.5
0889_001_mf_n_00000000_r;0;408;672;68;56;68;56;0.5;0.5
0890_000_mf_n_00000000_n;0;476;672;68;56;68;56;0.5;0.5
0890_000_mf_n_00000000_r;0;544;672;68;56;68;56;0.5;0.5
0890_001_mf_n_00000000_n;0;612;672;68;56;68;56;0.5;0.5
0890_001_mf_n_00000000_r;0;680;672;68;56;68;56;0.5;0.5
0891_000_mf_n_00000000_n;0;748;672;68;56;68;56;0.5;0.5
0891_000_mf_n_00000000_r;0;816;672;68;56;68;56;0.5;0.5
0892_000_mf_g_00000000_n;0;884;672;68;56;68;56;0.5;0.5
0892_000_mf_g_00000000_r;0;952;672;68;56;68;56;0.5;0.5
0892_000_mf_n_00000000_n;0;1020;672;68;56;68;56;0.5;0.5
0892_000_mf_n_00000000_r;0;1088;672;68;56;68;56;0.5;0.5
0892_001_mf_g_00000000_n;0;1156;672;68;56;68;56;0.5;0.5
0892_001_mf_g_00000000_r;0;1224;672;68;56;68;56;0.5;0.5
0892_001_mf_n_00000000_n;0;1292;672;68;56;68;56;0.5;0.5
0892_001_mf_n_00000000_r;0;1360;672;68;56;68;56;0.5;0.5
0893_000_mf_n_00000000_n;0;1428;672;68;56;68;56;0.5;0.5
0893_000_mf_n_00000000_r;0;1496;672;68;56;68;56;0.5;0.5
0893_001_mf_n_00000000_n;0;1564;672;68;56;68;56;0.5;0.5
0893_001_mf_n_00000000_r;0;1632;672;68;56;68;56;0.5;0.5
0894_000_mf_n_00000000_n;0;1700;672;68;56;68;56;0.5;0.5
0894_000_mf_n_00000000_r;0;1768;672;68;56;68;56;0.5;0.5
0895_000_mf_n_00000000_n;0;1836;672;68;56;68;56;0.5;0.5
0895_000_mf_n_00000000_r;0;1904;672;68;56;68;56;0.5;0.5
0896_000_mf_n_00000000_n;0;1972;672;68;56;68;56;0.5;0.5
0896_000_mf_n_00000000_r;0;0;728;68;56;68;56;0.5;0.5
0897_000_mf_n_00000000_n;0;68;728;68;56;68;56;0.5;0.5
0897_000_mf_n_00000000_r;0;136;728;68;56;68;56;0.5;0.5
0898_000_mf_n_00000000_n;0;204;728;68;56;68;56;0.5;0.5
0898_000_mf_n_00000000_r;0;272;728;68;56;68;56;0.5;0.5
0898_001_mf_n_00000000_n;0;340;728;68;56;68;56;0.5;0.5
0898_001_mf_n_00000000_r;0;408;728;68;56;68;56;0.5;0.5
0898_002_mf_n_00000000_n;0;476;728;68;56;68;56;0.5;0.5
0898_002_mf_n_00000000_r;0;544;728;68;56;68;56;0.5;0.5
0899_000_mf_n_00000000_n;0;612;728;68;56;68;56;0.5;0.5
0899_000_mf_n_00000000_r;0;680;728;68;56;68;56;0.5;0.5
0900_000_mf_n_00000000_n;0;748;728;68;56;68;56;0.5;0.5
0900_000_mf_n_00000000_r;0;816;728;68;56;68;56;0.5;0.5
0901_000_mf_n_00000000_n;0;884;728;68;56;68;56;0.5;0.5
0901_000_mf_n_00000000_r;0;952;728;68;56;68;56;0.5;0.5
0902_000_fo_n_00000000_n;0;1020;728;68;56;68;56;0.5;0.5
0902_000_fo_n_00000000_r;0;1088;728;68;56;68;56;0.5;0.5
0902_000_mf_n_00000000_n;0;1156;728;68;56;68;56;0.5;0.5
0902_000_mf_n_00000000_r;0;1224;728;68;56;68;56;0.5;0.5
0903_000_mf_n_00000000_n;0;1292;728;68;56;68;56;0.5;0.5
0903_000_mf_n_00000000_r;0;1360;728;68;56;68;56;0.5;0.5
0904_000_mf_n_00000000_n;0;1428;728;68;56;68;56;0.5;0.5
0904_000_mf_n_00000000_r;0;1496;728;68;56;68;56;0.5;0.5
0905_000_mf_n_00000000_n;0;1564;728;68;56;68;56;0.5;0.5
0905_000_mf_n_00000000_r;0;1632;728;68;56;68;56;0.5;0.5
0905_001_mf_n_00000000_n;0;1700;728;68;56;68;56;0.5;0.5
0905_001_mf_n_00000000_r;0;1768;728;68;56;68;56;0.5;0.5