#
# Sprite sheet data for MonoGame.
#
# To learn how to import these sprites into your MonoGame project visit:
# https://www.codeandweb.com/texturepacker/monogame
#
# Sprite sheet: pokemon-0.png (2040 x 2016)
# $TexturePacker:SmartUpdate:94bc6f04b37044b5e24469c21c7c93b2:5b4f9edba062707101f0f5596a9a1164:225e23eb94ab5bd2edbd612be0ba33c5$
#

0000_000_mf_n_00000000_n;0;0;0;68;56;68;56;0.5;0.5
0000_001_mf_n_00000000_n;0;68;0;68;56;68;56;0.5;0.5
0001_000_mf_n_00000000_n;0;136;0;68;56;68;56;0.5;0.5
0001_000_mf_n_00000000_r;0;204;0;68;56;68;56;0.5;0.5
0002_000_mf_n_00000000_n;0;272;0;68;56;68;56;0.5;0.5
0002_000_mf_n_00000000_r;0;340;0;68;56;68;56;0.5;0.5
0003_000_mf_g_00000000_n;0;408;0;68;56;68;56;0.5;0.5
0003_000_mf_g_00000000_r;0;476;0;68;56;68;56;0.5;0.5
0003_000_mf_n_00000000_n;0;544;0;68;56;68;56;0.5;0.5
0003_000_mf_n_00000000_r;0;612;0;68;56;68;56;0.5;0.5
0003_001_mf_n_00000000_n;0;680;0;68;56;68;56;0.5;0.5
0003_001_mf_n_00000000_r;0;748;0;68;56;68;56;0.5;0.5
0004_000_mf_n_00000000_n;0;816;0;68;56;68;56;0.5;0.5
0004_000_mf_n_00000000_r;0;884;0;68;56;68;56;0.5;0.5
0005_000_mf_n_00000000_n;0;952;0;68;56;68;56;0.5;0.5
0005_000_mf_n_00000000_r;0;1020;0;68;56;68;56;0.5;0.5
0006_000_mf_g_00000000_n;0;1088;0;68;56;68;56;0.5;0.5
0006_000_mf_g_00000000_r;0;1156;0;68;56;68;56;0.5;0.5
0006_000_mf_n_00000000_n;0;1224;0;68;56;68;56;0.5;0.5
0006_000_mf_n_00000000_r;0;1292;0;68;56;68;56;0.5;0.5
0006_001_mf_n_00000000_n;0;1360;0;68;56;68;56;0.5;0.5
0006_001_mf_n_00000000_r;0;1428;0;68;56;68;56;0.5;0.5
0006_002_mf_n_00000000_n;0;1496;0;68;56;68;56;0.5;0.5
0006_002_mf_n_00000000_r;0;1564;0;68;56;68;56;0.5;0.5
0007_000_mf_n_00000000_n;0;1632;0;68;56;68;56;0.5;0.5
0007_000_mf_n_00000000_r;0;1700;0;68;56;68;56;0.5;0.5
0008_000_mf_n_00000000_n;0;1768;0;68;56;68;56;0.5;0.5
0008_000_mf_n_00000000_r;0;1836;0;68;56;68;56;0.5;0.5
0009_000_mf_g_00000000_n;0;1904;0;68;56;68;56;0.5;0.5
0009_000_mf_g_00000000_r;0;1972;0;68;56;68;56;0.5;0.5
0009_000_mf_n_00000000_n;0;0;56;68;56;68;56;0.5;0.5
0009_000_mf_n_00000000_r;0;68;56;68;56;68;56;0.5;0.5
0009_001_mf_n_00000000_n;0;136;56;68;56;68;56;0.5;0.5
0009_001_mf_n_00000000_r;0;204;56;68;56;68;56;0.5;0.5
0010_000_mf_n_00000000_n;0;272;56;68;56;68;56;0.5;0.5
0010_000_mf_n_00000000_r;0;340;56;68;56;68;56;0.5;0.5
0011_000_mf_n_00000000_n;0;408;56;68;56;68;56;0.5;0.5
0011_000_mf_n_00000000_r;0;476;56;68;56;68;56;0.5;0.5
0012_000_mf_g_00000000_n;0;544;56;68;56;68;56;0.5;0.5
0012_000_mf_g_00000000_r;0;612;56;68;56;68;56;0.5;0.5
0012_000_mf_n_00000000_n;0;680;56;68;56;68;56;0.5;0.5
0012_000_mf_n_00000000_r;0;748;56;68;56;68;56;0.5;0.5
0013_000_mf_n_00000000_n;0;816;56;68;56;68;56;0.5;0.5
0013_000_mf_n_00000000_r;0;884;56;68;56;68;56;0.5;0.5
0014_000_mf_n_00000000_n;0;952;56;68;56;68;56;0.5;0.5
0014_000_mf_n_00000000_r;0;1020;56;68;56;68;56;0.5;0.5
0015_000_mf_n_00000000_n;0;1088;56;68;56;68;56;0.5;0.5
0015_000_mf_n_00000000_r;0;1156;56;68;56;68;56;0.5;0.5
0015_001_mf_n_00000000_n;0;1224;56;68;56;68;56;0.5;0.5
0015_001_mf_n_00000000_r;0;1292;56;68;56;68;56;0.5;0.5
0016_000_mf_n_00000000_n;0;1360;56;68;56;68;56;0.5;0.5
0016_000_mf_n_00000000_r;0;1428;56;68;56;68;56;0.5;0.5
0017_000_mf_n_00000000_n;0;1496;56;68;56;68;56;0.5;0.5
0017_000_mf_n_00000000_r;0;1564;56;68;56;68;56;0.5;0.5
0018_000_mf_n_00000000_n;0;1632;56;68;56;68;56;0.5;0.5
0018_000_mf_n_00000000_r;0;1700;56;68;56;68;56;0.5;0.5
0018_001_mf_n_00000000_n;0;1768;56;68;56;68;56;0.5;0.5
0018_001_mf_n_00000000_r;0;1836;56;68;56;68;56;0.5;0.5
0019_000_mf_n_00000000_n;0;1904;56;68;56;68;56;0.5;0.5
0019_000_mf_n_00000000_r;0;1972;56;68;56;68;56;0.5;0.5
0019_001_mf_n_00000000_n;0;0;112;68;56;68;56;0.5;0.5
0019_001_mf_n_00000000_r;0;68;112;68;56;68;56;0.5;0.5
0020_000_mf_n_00000000_n;0;136;112;68;56;68;56;0.5;0.5
0020_000_mf_n_00000000_r;0;204;112;68;56;68;56;0.5;0.5
0020_001_mf_n_00000000_n;0;272;112;68;56;68;56;0.5;0.5
0020_001_mf_n_00000000_r;0;340;112;68;56;68;56;0.5;0.5
0021_000_mf_n_00000000_n;0;408;112;68;56;68;56;0.5;0.5
0021_000_mf_n_00000000_r;0;476;112;68;56;68;56;0.5;0.5
0022_000_mf_n_00000000_n;0;544;112;68;56;68;56;0.5;0.5
0022_000_mf_n_00000000_r;0;612;112;68;56;68;56;0.5;0.5
0023_000_mf_n_00000000_n;0;680;112;68;56;68;56;0.5;0.5
0023_000_mf_n_00000000_r;0;748;112;68;56;68;56;0.5;0.5
0024_000_mf_n_00000000_n;0;816;112;68;56;68;56;0.5;0.5
0024_000_mf_n_00000000_r;0;884;112;68;56;68;56;0.5;0.5
0025_000_fo_n_00000000_n;0;952;112;68;56;68;56;0.5;0.5
0025_000_fo_n_00000000_r;0;1020;112;68;56;68;56;0.5;0.5
0025_000_mf_g_00000000_n;0;1088;112;68;56;68;56;0.5;0.5
0025_000_mf_g_00000000_r;0;1156;112;68;56;68;56;0.5;0.5
0025_000_mf_n_00000000_n;0;1224;112;68;56;68;56;0.5;0.5
0025_000_mf_n_00000000_r;0;1292;112;68;56;68;56;0.5;0.5
0025_001_fo_n_00000000_n;0;1360;112;68;56;68;56;0.5;0.5
0025_001_fo_n_00000000_r;0;1428;112;68;56;68;56;0.5;0.5
0025_001_mf_n_00000000_n;0;1496;112;68;56;68;56;0.5;0.5
0025_001_mf_n_00000000_r;0;1564;112;68;56;68;56;0.5;0.5
0025_002_fo_n_00000000_n;0;1632;112;68;56;68;56;0.5;0.5
0025_002_fo_n_00000000_r;0;1700;112;68;56;68;56;0.5;0.5
0025_002_mf_n_00000000_n;0;1768;112;68;56;68;56;0.5;0.5
0025_002_mf_n_00000000_r;0;1836;112;68;56;68;56;0.5;0.5
0025_003_fo_n_00000000_n;0;1904;112;68;56;68;56;0.5;0.5
0025_003_fo_n_00000000_r;0;1972;112;68;56;68;56;0.5;0.5
0025_003_mf_n_00000000_n;0;0;168;68;56;68;56;0.5;0.5
0025_003_mf_n_00000000_r;0;68;168;68;56;68;56;0.5;0.5
0025_004_fo_n_00000000_n;0;136;168;68;56;68;56;0.5;0.5
0025_004_fo_n_00000000_r;0;204;168;68;56;68;56;0.5;0.5
0025_004_mf_n_00000000_n;0;272;168;68;56;68;56;0.5;0.5
0025_004_mf_n_00000000_r;0;340;168;68;56;68;56;0.5;0.5
0025_005_fo_n_00000000_n;0;408;168;68;56;68;56;0.5;0.5
0025_005_fo_n_00000000_r;0;476;168;68;56;68;56;0.5;0.5
0025_005_mf_n_00000000_n;0;544;168;68;56;68;56;0.5;0.5
0025_005_mf_n_00000000_r;0;612;168;68;56;68;56;0.5;0.5
0025_006_fo_n_00000000_n;0;680;168;68;56;68;56;0.5;0.5
0025_006_fo_n_00000000_r;0;748;168;68;56;68;56;0.5;0.5
0025_006_mf_n_00000000_n;0;816;168;68;56;68;56;0.5;0.5
0025_006_mf_n_00000000_r;0;884;168;68;56;68;56;0.5;0.5
0025_009_fo_n_00000000_n;0;952;168;68;56;68;56;0.5;0.5
0025_009_fo_n_00000000_r;0;1020;168;68;56;68;56;0.5;0.5
0025_009_mf_n_00000000_n;0;1088;168;68;56;68;56;0.5;0.5
0025_009_mf_n_00000000_r;0;1156;168;68;56;68;56;0.5;0.5
0026_000_mf_n_00000000_n;0;1224;168;68;56;68;56;0.5;0.5
0026_000_mf_n_00000000_r;0;1292;168;68;56;68;56;0.5;0.5
0026_001_mf_n_00000000_n;0;1360;168;68;56;68;56;0.5;0.5
0026_001_mf_n_00000000_r;0;1428;168;68;56;68;56;0.5;0.5
0027_000_mf_n_00000000_n;0;1496;168;68;56;68;56;0.5;0.5
0027_000_mf_n_00000000_r;0;1564;168;68;56;68;56;0.5;0.5
0027_001_mf_n_00000000_n;0;1632;168;68;56;68;56;0.5;0.5
0027_001_mf_n_00000000_r;0;1700;168;68;56;68;56;0.5;0.5
0028_000_mf_n_00000000_n;0;1768;168;68;56;68;56;0.5;0.5
0028_000_mf_n_00000000_r;0;1836;168;68;56;68;56;0.5;0.5
0028_001_mf_n_00000000_n;0;1904;168;68;56;68;56;0.5;0.5
0028_001_mf_n_00000000_r;0;1972;168;68;56;68;56;0.5;0.5
0029_000_mf_n_00000000_n;0;0;224;68;56;68;56;0.5;0.5
0029_000_mf_n_00000000_r;0;68;224;68;56;68;56;0.5;0.5
0030_000_mf_n_00000000_n;0;136;224;68;56;68;56;0.5;0.5
0030_000_mf_n_00000000_r;0;204;224;68;56;68;56;0.5;0.5
0031_000_mf_n_00000000_n;0;272;224;68;56;68;56;0.5;0.5
0031_000_mf_n_00000000_r;0;340;224;68;56;68;56;0.5;0.5
0032_000_mf_n_00000000_n;0;408;224;68;56;68;56;0.5;0.5
0032_000_mf_n_00000000_r;0;476;224;68;56;68;56;0.5;0.5
0033_000_mf_n_00000000_n;0;544;224;68;56;68;56;0.5;0.5
0033_000_mf_n_00000000_r;0;612;224;68;56;68;56;0.5;0.5
0034_000_mf_n_00000000_n;0;680;224;68;56;68;56;0.5;0.5
0034_000_mf_n_00000000_r;0;748;224;68;56;68;56;0.5;0.5
0035_000_mf_n_00000000_n;0;816;224;68;56;68;56;0.5;0.5
0035_000_mf_n_00000000_r;0;884;224;68;56;68;56;0.5;0.5
0036_000_mf_n_00000000_n;0;952;224;68;56;68;56;0.5;0.5
0036_000_mf_n_00000000_r;0;1020;224;68;56;68;56;0.5;0.5
0037_000_mf_n_00000000_n;0;1088;224;68;56;68;56;0.5;0.5
0037_000_mf_n_00000000_r;0;1156;224;68;56;68;56;0.5;0.5
0037_001_mf_n_00000000_n;0;1224;224;68;56;68;56;0.5;0.5
0037_001_mf_n_00000000_r;0;1292;224;68;56;68;56;0.5;0.5
0038_000_mf_n_00000000_n;0;1360;224;68;56;68;56;0.5;0.5
0038_000_mf_n_00000000_r;0;1428;224;68;56;68;56;0.5;0.5
0038_001_mf_n_00000000_n;0;1496;224;68;56;68;56;0.5;0.5
0038_001_mf_n_00000000_r;0;1564;224;68;56;68;56;0.5;0.5
0039_000_mf_n_00000000_n;0;1632;224;68;56;68;56;0.5;0.5
0039_000_mf_n_00000000_r;0;1700;224;68;56;68;56;0.5;0.5
0040_000_mf_n_00000000_n;0;1768;224;68;56;68;56;0.5;0.5
0040_000_mf_n_00000000_r;0;1836;224;68;56;68;56;0.5;0.5
0041_000_mf_n_00000000_n;0;1904;224;68;56;68;56;0.5;0.5
0041_000_mf_n_00000000_r;0;1972;224;68;56;68;56;0.5;0.5
0042_000_mf_n_00000000_n;0;0;280;68;56;68;56;0.5;0.5
0042_000_mf_n_00000000_r;0;68;280;68;56;68;56;0.5;0.5
0043_000_mf_n_00000000_n;0;136;280;68;56;68;56;0.5;0.5
0043_000_mf_n_00000000_r;0;204;280;68;56;68;56;0.5;0.5
0044_000_mf_n_00000000_n;0;272;280;68;56;68;56;0.5;0.5
0044_000_mf_n_00000000_r;0;340;280;68;56;68;56;0.5;0.5
0045_000_mf_n_00000000_n;0;408;280;68;56;68;56;0.5;0.5
0045_000_mf_n_00000000_r;0;476;280;68;56;68;56;0.5;0.5
0046_000_mf_n_00000000_n;0;544;280;68;56;68;56;0.5;0.5
0046_000_mf_n_00000000_r;0;612;280;68;56;68;56;0.5;0.5
0047_000_mf_n_00000000_n;0;680;280;68;56;68;56;0.5;0.5
0047_000_mf_n_00000000_r;0;748;280;68;56;68;56;0.5;0.5
0048_000_mf_n_00000000_n;0;816;280;68;56;68;56;0.5;0.5
0048_000_mf_n_00000000_r;0;884;280;68;56;68;56;0.5;0.5
0049_000_mf_n_00000000_n;0;952;280;68;56;68;56;0.5;0.5
0049_000_mf_n_00000000_r;0;1020;280;68;56;68;56;0.5;0.5
0050_000_mf_n_00000000_n;0;1088;280;68;56;68;56;0.5;0.5
0050_000_mf_n_00000000_r;0;1156;280;68;56;68;56;0.5;0.5
0050_001_mf_n_00000000_n;0;1224;280;68;56;68;56;0.5;0.5
0050_001_mf_n_00000000_r;0;1292;280;68;56;68;56;0.5;0.5
0051_000_mf_n_00000000_n;0;1360;280;68;56;68;56;0.5;0.5
0051_000_mf_n_00000000_r;0;1428;280;68;56;68;56;0.5;0.5
0051_001_mf_n_00000000_n;0;1496;280;68;56;68;56;0.5;0.5
0051_001_mf_n_00000000_r;0;1564;280;68;56;68;56;0.5;0.5
0052_000_mf_g_00000000_n;0;1632;280;68;56;68;56;0.5;0.5
0052_000_mf_g_00000000_r;0;1700;280;68;56;68;56;0.5;0.5
0052_000_mf_n_00000000_n;0;1768;280;68;56;68;56;0.5;0.5
0052_000_mf_n_00000000_r;0;1836;280;68;56;68;56;0.5;0.5
0052_001_mf_n_00000000_n;0;1904;280;68;56;68;56;0.5;0.5
0052_001_mf_n_00000000_r;0;1972;280;68;56;68;56;0.5;0.5
0052_002_mf_n_00000000_n;0;0;336;68;56;68;56;0.5;0.5
0052_002_mf_n_00000000_r;0;68;336;68;56;68;56;0.5;0.5
0053_000_mf_n_00000000_n;0;136;336;68;56;68;56;0.5;0.5
0053_000_mf_n_00000000_r;0;204;336;68;56;68;56;0.5;0.5
0053_001_mf_n_00000000_n;0;272;336;68;56;68;56;0.5;0.5
0053_001_mf_n_00000000_r;0;340;336;68;56;68;56;0.5;0.5
0054_000_mf_n_00000000_n;0;408;336;68;56;68;56;0.5;0.5
0054_000_mf_n_00000000_r;0;476;336;68;56;68;56;0.5;0.5
0055_000_mf_n_00000000_n;0;544;336;68;56;68;56;0.5;0.5
0055_000_mf_n_00000000_r;0;612;336;68;56;68;56;0.5;0.5
0056_000_mf_n_00000000_n;0;680;336;68;56;68;56;0.5;0.5
0056_000_mf_n_00000000_r;0;748;336;68;56;68;56;0.5;0.5
0057_000_mf_n_00000000_n;0;816;336;68;56;68;56;0.5;0.5
0057_000_mf_n_00000000_r;0;884;336;68;56;68;56;0.5;0.5
0058_000_mf_n_00000000_n;0;952;336;68;56;68;56;0.5;0.5
0058_000_mf_n_00000000_r;0;1020;336;68;56;68;56;0.5;0.5
0058_001_mf_n_00000000_n;0;1088;336;68;56;68;56;0.5;0.5
0058_001_mf_n_00000000_r;0;1156;336;68;56;68;56;0.5;0.5
0059_000_mf_n_00000000_n;0;1224;336;68;56;68;56;0.5;0.5
0059_000_mf_n_00000000_r;0;1292;336;68;56;68;56;0.5;0.5
0059_001_mf_n_00000000_n;0;1360;336;68;56;68;56;0.5;0.5
0059_001_mf_n_00000000_r;0;1428;336;68;56;68;56;0.5;0.5
0060_000_mf_n_00000000_n;0;1496;336;68;56;68;56;0.5;0.5
0060_000_mf_n_00000000_r;0;1564;336;68;56;68;56;0.5;0.5
0061_000_mf_n_00000000_n;0;1632;336;68;56;68;56;0.5;0.5
0061_000_mf_n_00000000_r;0;1700;336;68;56;68;56;0.5;0.5
0062_000_mf_n_00000000_n;0;1768;336;68;56;68;56;0.5;0.5
0062_000_mf_n_00000000_r;0;1836;336;68;56;68;56;0.5;0.5
0063_000_mf_n_00000000_n;0;1904;336;68;56;68;56;0.5;0.5
0063_000_mf_n_00000000_r;0;1972;336;68;56;68;56;0.5;0.5
0064_000_mf_n_00000000_n;0;0;392;68;56;68;56;0.5;0.5
0064_000_mf_n_00000000_r;0;68;392;68;56;68;56;0.5;0.5
0065_000_mf_n_00000000_n;0;136;392;68;56;68;56;0.5;0.5
0065_000_mf_n_00000000_r;0;204;392;68;56;68;56;0.5;0.5
0065_001_mf_n_00000000_n;0;272;392;68;56;68;56;0.5;0.5
0065_001_mf_n_00000000_r;0;340;392;68;56;68;56;0.5;0.5
0066_000_mf_n_00000000_n;0;408;392;68;56;68;56;0.5;0.5
0066_000_mf_n_00000000_r;0;476;392;68;56;68;56;0.5;0.5
0067_000_mf_n_00000000_n;0;544;392;68;56;68;56;0.5;0.5
0067_000_mf_n_00000000_r;0;612;392;68;56;68;56;0.5;0.5
0068_000_mf_g_00000000_n;0;680;392;68;56;68;56;0.5;0.5
0068_000_mf_g_00000000_r;0;748;392;68;56;68;56;0.5;0.5
0068_000_mf_n_00000000_n;0;816;392;68;56;68;56;0.5;0.5
0068_000_mf_n_00000000_r;0;884;392;68;56;68;56;0.5;0.5
0069_000_mf_n_00000000_n;0;952;392;68;56;68;56;0.5;0.5
0069_000_mf_n_00000000_r;0;1020;392;68;56;68;56;0.5;0.5
0070_000_mf_n_00000000_n;0;1088;392;68;56;68;56;0.5;0.5
0070_000_mf_n_00000000_r;0;1156;392;68;56;68;56;0.5;0.5
0071_000_mf_n_00000000_n;0;1224;392;68;56;68;56;0.5;0.5
0071_000_mf_n_00000000_r;0;1292;392;68;56;68;56;0.5;0.5
0072_000_mf_n_00000000_n;0;1360;392;68;56;68;56;0.5;0.5
0072_000_mf_n_00000000_r;0;1428;392;68;56;68;56;0.5;0.5
0073_000_mf_n_00000000_n;0;1496;392;68;56;68;56;0.5;0.5
0073_000_mf_n_00000000_r;0;1564;392;68;56;68;56;0.5;0.5
0074_000_mf_n_00000000_n;0;1632;392;68;56;68;56;0.5;0.5
0074_000_mf_n_00000000_r;0;1700;392;68;56;68;56;0.5;0.5
0074_001_mf_n_00000000_n;0;1768;392;68;56;68;56;0.5;0.5
0074_001_mf_n_00000000_r;0;1836;392;68;56;68;56;0.5;0.5
0075_000_mf_n_00000000_n;0;1904;392;68;56;68;56;0.5;0.5
0075_000_mf_n_00000000_r;0;1972;392;68;56;68;56;0.5;0.5
0075_001_mf_n_00000000_n;0;0;448;68;56;68;56;0.5;0.5
0075_001_mf_n_00000000_r;0;68;448;68;56;68;56;0.5;0.5
0076_000_mf_n_00000000_n;0;136;448;68;56;68;56;0.5;0.5
0076_000_mf_n_00000000_r;0;204;448;68;56;68;56;0.5;0.5
0076_001_mf_n_00000000_n;0;272;448;68;56;68;56;0.5;0.5
0076_001_mf_n_00000000_r;0;340;448;68;56;68;56;0.5;0.5
0077_000_mf_n_00000000_n;0;408;448;68;56;68;56;0.5;0.5
0077_000_mf_n_00000000_r;0;476;448;68;56;68;56;0.5;0.5
0077_001_mf_n_00000000_n;0;544;448;68;56;68;56;0.5;0.5
0077_001_mf_n_00000000_r;0;612;448;68;56;68;56;0.5;0.5
0078_000_mf_n_00000000_n;0;680;448;68;56;68;56;0.5;0.5
0078_000_mf_n_00000000_r;0;748;448;68;56;68;56;0.5;0.5
0078_001_mf_n_00000000_n;0;816;448;68;56;68;56;0.5;0.5
0078_001_mf_n_00000000_r;0;884;448;68;56;68;56;0.5;0.5
0079_000_mf_n_00000000_n;0;952;448;68;56;68;56;0.5;0.5
0079_000_mf_n_00000000_r;0;1020;448;68;56;68;56;0.5;0.5
0079_001_mf_n_00000000_n;0;1088;448;68;56;68;56;0.5;0.5
0079_001_mf_n_00000000_r;0;1156;448;68;56;68;56;0.5;0.5
0080_000_mf_n_00000000_n;0;1224;448;68;56;68;56;0.5;0.5
0080_000_mf_n_00000000_r;0;1292;448;68;56;68;56;0.5;0.5
0080_001_mf_n_00000000_n;0;1360;448;68;56;68;56;0.5;0.5
0080_001_mf_n_00000000_r;0;1428;448;68;56;68;56;0.5;0.5
0080_002_mf_n_00000000_n;0;1496;448;68;56;68;56;0.5;0.5
0080_002_mf_n_00000000_r;0;1564;448;68;56;68;56;0.5;0.5
0081_000_mf_n_00000000_n;0;1632;448;68;56;68;56;0.5;0.5
0081_000_mf_n_00000000_r;0;1700;448;68;56;68;56;0.5;0.5
0082_000_mf_n_00000000_n;0;1768;448;68;56;68;56;0.5;0.5
0082_000_mf_n_00000000_r;0;1836;448;68;56;68;56;0.5;0.5
0083_000_mf_n_00000000_n;0;1904;448;68;56;68;56;0.5;0.5
0083_000_mf_n_00000000_r;0;1972;448;68;56;68;56;0.5;0.5
0083_001_mf_n_00000000_n;0;0;504;68;56;68;56;0.5;0.5
0083_001_mf_n_00000000_r;0;68;504;68;56;68;56;0.5;0.5
0084_000_mf_n_00000000_n;0;136;504;68;56;68;56;0.5;0.5
0084_000_mf_n_00000000_r;0;204;504;68;56;68;56;0.5;0.5
0085_000_mf_n_00000000_n;0;272;504;68;56;68;56;0.5;0.5
0085_000_mf_n_00000000_r;0;340;504;68;56;68;56;0.5;0.5
0086_000_mf_n_00000000_n;0;408;504;68;56;68;56;0.5;0.5
0086_000_mf_n_00000000_r;0;476;504;68;56;68;56;0.5;0.5
0087_000_mf_n_00000000_n;0;544;504;68;56;68;56;0.5;0.5
0087_000_mf_n_00000000_r;0;612;504;68;56;68;56;0.5;0.5
0088_000_mf_n_00000000_n;0;680;504;68;56;68;56;0.5;0.5
0088_000_mf_n_00000000_r;0;748;504;68;56;68;56;0.5;0.5
0088_001_mf_n_00000000_n;0;816;504;68;56;68;56;0.5;0.5
0088_001_mf_n_00000000_r;0;884;504;68;56;68;56;0.5;0.5
0089_000_mf_n_00000000_n;0;952;504;68;56;68;56;0.5;0.5
0089_000_mf_n_00000000_r;0;1020;504;68;56;68;56;0.5;0.5
0089_001_mf_n_00000000_n;0;1088;504;68;56;68;56;0.5;0.5
0089_001_mf_n_00000000_r;0;1156;504;68;56;68;56;0.5;0.5
0090_000_mf_n_00000000_n;0;1224;504;68;56;68;56;0.5;0.5
0090_000_mf_n_00000000_r;0;1292;504;68;56;68;56;0.5;0.5
0091_000_mf_n_00000000_n;0;1360;504;68;56;68;56;0.5;0.5
0091_000_mf_n_00000000_r;0;1428;504;68;56;68;56;0.5;0.5
0092_000_mf_n_00000000_n;0;1496;504;68;56;68;56;0.5;0.5
0092_000_mf_n_00000000_r;0;1564;504;68;56;68;56;0.5;0.5
0093_000_mf_n_00000000_n;0;1632;504;68;56;68;56;0.5;0.5
0093_000_mf_n_00000000_r;0;1700;504;68;56;68;56;0.5;0.5
0094_000_mf_g_00000000_n;0;1768;504;68;56;68;56;0.5;0.5
0094_000_mf_g_00000000_r;0;1836;504;68;56;68;56;0.5;0.5
0094_000_mf_n_00000000_n;0;1904;504;68;56;68;56;0.5;0.5
0094_000_mf_n_00000000_r;0;1972;504;68;56;68;56;0.5;0.5
0094_001_mf_n_00000000_n;0;0;560;68;56;68;56;0.5;0.5
0094_001_mf_n_00000000_r;0;68;560;68;56;68;56;0.5;0.5
0095_000_mf_n_00000000_n;0;136;560;68;56;68;56;0.5;0.5
0095_000_mf_n_00000000_r;0;204;560;68;56;68;56;0.5;0.5
0096_000_mf_n_00000000_n;0;272;560;68;56;68;56;0.5;0.5
0096_000_mf_n_00000000_r;0;340;560;68;56;68;56;0.5;0.5
0097_000_mf_n_00000000_n;0;408;560;68;56;68;56;0.5;0.5
0097_000_mf_n_00000000_r;0;476;560;68;56;68;56;0.5;0.5
0098_000_mf_n_00000000_n;0;544;560;68;56;68;56;0.5;0.5
0098_000_mf_n_00000000_r;0;612;560;68;56;68;56;0.5;0.5
0099_000_mf_g_00000000_n;0;680;560;68;56;68;56;0.5;0.5
0099_000_mf_g_00000000_r;0;748;560;68;56;68;56;0.5;0.5
0099_000_mf_n_00000000_n;0;816;560;68;56;68;56;0.5;0.5
0099_000_mf_n_00000000_r;0;884;560;68;56;68;56;0.5;0.5
0100_000_mf_n_00000000_n;0;952;560;68;56;68;56;0.5;0.5
0100_000_mf_n_00000000_r;0;1020;560;68;56;68;56;0.5;0.5
0100_001_mf_n_00000000_n;0;1088;560;68;56;68;56;0.5;0.5
0100_001_mf_n_00000000_r;0;1156;560;68;56;68;56;0.5;0.5
0101_000_mf_n_00000000_n;0;1224;560;68;56;68;56;0.5;0.5
0101_000_mf_n_00000000_r;0;1292;560;68;56;68;56;0.5;0.5
0101_001_mf_n_00000000_n;0;1360;560;68;56;68;56;0.5;0.5
0101_001_mf_n_00000000_r;0;1428;560;68;56;68;56;0.5;0.5
0102_000_mf_n_00000000_n;0;1496;560;68;56;68;56;0.5;0.5
0102_000_mf_n_00000000_r;0;1564;560;68;56;68;56;0.5;0.5
0103_000_mf_n_00000000_n;0;1632;560;68;56;68;56;0.5;0.5
0103_000_mf_n_00000000_r;0;1700;560;68;56;68;56;0.5;0.5
0103_001_mf_n_00000000_n;0;1768;560;68;56;68;56;0.5;0.5
0103_001_mf_n_00000000_r;0;1836;560;68;56;68;56;0.5;0.5
0104_000_mf_n_00000000_n;0;1904;560;68;56;68;56;0.5;0.5
0104_000_mf_n_00000000_r;0;1972;560;68;56;68;56;0.5;0.5
0105_000_mf_n_00000000_n;0;0;616;68;56;68;56;0.5;0.5
0105_000_mf_n_00000000_r;0;68;616;68;56;68;56;0.5;0.5
0105_001_mf_n_00000000_n;0;136;616;68;56;68;56;0.5;0.5
0105_001_mf_n_00000000_r;0;204;616;68;56;68;56;0.5;0.5
0106_000_mf_n_00000000_n;0;272;616;68;56;68;56;0.5;0.5
0106_000_mf_n_00000000_r;0;340;616;68;56;68;56;0.5;0.5
0107_000_mf_n_00000000_n;0;408;616;68;56;68;56;0.5;0.5
0107_000_mf_n_00000000_r;0;476;616;68;56;68;56;0.5;0.5
0108_000_mf_n_00000000_n;0;544;616;68;56;68;56;0.5;0.5
0108_000_mf_n_00000000_r;0;612;616;68;56;68;56;0.5;0.5
0109_000_mf_n_00000000_n;0;680;616;68;56;68;56;0.5;0.5
0109_000_mf_n_00000000_r;0;748;616;68;56;68;56;0.5;0.5
0110_000_mf_n_00000000_n;0;816;616;68;56;68;56;0.5;0.5
0110_000_mf_n_00000000_r;0;884;616;68;56;68;56;0.5;0.5
0110_001_mf_n_00000000_n;0;952;616;68;56;68;56;0.5;0.5
0110_001_mf_n_00000000_r;0;1020;616;68;56;68;56;0.5;0.5
0111_000_mf_n_00000000_n;0;1088;616;68;56;68;56;0.5;0.5
0111_000_mf_n_00000000_r;0;1156;616;68;56;68;56;0.5;0.5
0112_000_mf_n_00000000_n;0;1224;616;68;56;68;56;0.5;0.5
0112_000_mf_n_00000000_r;0;1292;616;68;56;68;56;0.5;0.5
0113_000_mf_n_00000000_n;0;1360;616;68;56;68;56;0.5;0.5
0113_000_mf_n_00000000_r;0;1428;616;68;56;68;56;0.5;0.5
0114_000_mf_n_00000000_n;0;1496;616;68;56;68;56;0.5;0.5
0114_000_mf_n_00000000_r;0;1564;616;68;56;68;56;0.5;0.5
0115_000_mf_n_00000000_n;0;1632;616;68;56;68;56;0.5;0.5
0115_000_mf_n_00000000_r;0;1700;616;68;56;68;56;0.5;0.5
0115_001_mf_n_00000000_n;0;1768;616;68;56;68;56;0.5;0.5
0115_001_mf_n_00000000_r;0;1836;616;68;56;68;56;0.5;0.5
0116_000_mf_n_00000000_n;0;1904;616;68;56;68;56;0.5;0.5
0116_000_mf_n_00000000_r;0;1972;616;68;56;68;56;0.5;0.5
0117_000_mf_n_00000000_n;0;0;672;68;56;68;56;0.5;0.5
0117_000_mf_n_00000000_r;0;68;672;68;56;68;56;0.5;0.5
0118_000_mf_n_00000000_n;0;136;672;68;56;68;56;0.5;0.5
0118_000_mf_n_00000000_r;0;204;672;68;56;68;56;0.5;0.5
0119_000_mf_n_00000000_n;0;272;672;68;56;68;56;0.5;0.5
0119_000_mf_n_00000000_r;0;340;672;68;56;68;56;0.5;0.5
0120_000_mf_n_00000000_n;0;408;672;68;56;68;56;0.5;0.5
0120_000_mf_n_00000000_r;0;476;672;68;56;68;56;0.5;0.5
0121_000_mf_n_00000000_n;0;544;672;68;56;68;56;0.5;0.5
0121_000_mf_n_00000000_r;0;612;672;68;56;68;56;0.5;0.5
0122_000_mf_n_00000000_n;0;680;672;68;56;68;56;0.5;0.5
0122_000_mf_n_00000000_r;0;748;672;68;56;68;56;0.5;0.5
0122_001_mf_n_00000000_n;0;816;672;68;56;68;56;0.5;0.5
0122_001_mf_n_00000000_r;0;884;672;68;56;68;56;0.5;0.5
0123_000_mf_n_00000000_n;0;952;672;68;56;68;56;0.5;0.5
0123_000_mf_n_00000000_r;0;1020;672;68;56;68;56;0.5;0.5
0124_000_mf_n_00000000_n;0;1088;672;68;56;68;56;0.5;0.5
0124_000_mf_n_00000000_r;0;1156;672;68;56;68;56;0.5;0.5
0125_000_mf_n_00000000_n;0;1224;672;68;56;68;56;0.5;0.5
0125_000_mf_n_00000000_r;0;1292;672;68;56;68;56;0.5;0.5
0126_000_mf_n_00000000_n;0;1360;672;68;56;68;56;0.5;0.5
0126_000_mf_n_00000000_r;0;1428;672;68;56;68;56;0.5;0.5
0127_000_mf_n_00000000_n;0;1496;672;68;56;68;56;0.5;0.5
0127_000_mf_n_00000000_r;0;1564;672;68;56;68;56;0.5;0.5
0127_001_mf_n_00000000_n;0;1632;672;68;56;68;56;0.5;0.5
0127_001_mf_n_00000000_r;0;1700;672;68;56;68;56;0.5;0.5
0128_000_mf_n_00000000_n;0;1768;672;68;56;68;56;0.5;0.5
0128_000_mf_n_00000000_r;0;1836;672;68;56;68;56;0.5;0.5
0129_000_mf_n_00000000_n;0;1904;672;68;56;68;56;0.5;0.5
0129_000_mf_n_00000000_r;0;1972;672;68;56;68;56;0.5;0.5
0130_000_mf_n_00000000_n;0;0;728;68;56;68;56;0.5;0.5
0130_000_mf_n_00000000_r;0;68;728;68;56;68;56;0.5;0.5
0130_001_mf_n_00000000_n;0;136;728;68;56;68;56;0.5;0.5
0130_001_mf_n_00000000_r;0;204;728;68;56;68;56;0.5;0.5
0131_000_mf_g_00000000_n;0;272;728;68;56;68;56;0.5;0.5
0131_000_mf_g_00000000_r;0;340;728;68;56;68;56;0.5;0.5
0131_000_mf_n_00000000_n;0;408;728;68;56;68;56;0.5;0.5
0131_000_mf_n_00000000_r;0;476;728;68;56;68;56;0.5;0.5
0132_000_mf_n_00000000_n;0;544;728;68;56;68;56;0.5;0.5
0132_000_mf_n_00000000_r;0;612;728;68;56;68;56;0.5;0.5
0133_000_mf_g_00000000_n;0;680;728;68;56;68;56;0.5;0.5
0133_000_mf_g_00000000_r;0;748;728;68;56;68;56;0.5;0.5
0133_000_mf_n_00000000_n;0;816;728;68;56;68;56;0.5;0.5
0133_000_mf_n_00000000_r;0;884;728;68;56;68;56;0.5;0.5
0134_000_mf_n_00000000_n;0;952;728;68;56;68;56;0.5;0.5
0134_000_mf_n_00000000_r;0;1020;728;68;56;68;56;0.5;0.5
0135_000_mf_n_00000000_n;0;1088;728;68;56;68;56;0.5;0.5
0135_000_mf_n_00000000_r;0;1156;728;68;56;68;56;0.5;0.5
0136_000_mf_n_00000000_n;0;1224;728;68;56;68;56;0.5;0.5
0136_000_mf_n_00000000_r;0;1292;728;68;56;68;56;0.5;0.5
0137_000_mf_n_00000000_n;0;1360;728;68;56;68;56;0.5;0.5
0137_000_mf_n_00000000_r;0;1428;728;68;56;68;56;0.5;0.5
0138_000_mf_n_00000000_n;0;1496;728;68;56;68;56;0.5;0.5
0138_000_mf_n_00000000_r;0;1564;728;68;56;68;56;0.5;0.5
0139_000_mf_n_00000000_n;0;1632;728;68;56;68;56;0.5;0.5
0139_000_mf_n_00000000_r;0;1700;728;68;56;68;56;0.5;0.5
0140_000_mf_n_00000000_n;0;1768;728;68;56;68;56;0.5;0.5
0140_000_mf_n_00000000_r;0;1836;728;68;56;68;56;0.5;0.5
0141_000_mf_n_00000000_n;0;1904;728;68;56;68;56;0.5;0.5
0141_000_mf_n_00000000_r;0;1972;728;68;56;68;56;0.5;0.5
0142_000_mf_n_00000000_n;0;0;784;68;56;68;56;0.5;0.5
0142_000_mf_n_00000000_r;0;68;784;68;56;68;56;0.5;0.5
0142_001_mf_n_00000000_n;0;136;784;68;56;68;56;0.5;0.5
0142_001_mf_n_00000000_r;0;204;784;68;56;68;56;0.5;0.5
0143_000_mf_g_00000000_n;0;272;784;68;56;68;56;0.5;0.5
0143_000_mf_g_00000000_r;0;340;784;68;56;68;56;0.5;0.5
0143_000_mf_n_00000000_n;0;408;784;68;56;68;56;0.5;0.5
0143_000_mf_n_00000000_r;0;476;784;68;56;68;56;0.5;0.5
0144_000_mf_n_00000000_n;0;544;784;68;56;68;56;0.5;0.5
0144_000_mf_n_00000000_r;0;612;784;68;56;68;56;0.5;0.5
0144_001_mf_n_00000000_n;0;680;784;68;56;68;56;0.5;0.5
0144_001_mf_n_00000000_r;0;748;784;68;56;68;56;0.5;0.5
0145_000_mf_n_00000000_n;0;816;784;68;56;68;56;0.5;0.5
0145_000_mf_n_00000000_r;0;884;784;68;56;68;56;0.5;0.5
0145_001_mf_n_00000000_n;0;952;784;68;56;68;56;0.5;0.5
0145_001_mf_n_00000000_r;0;1020;784;68;56;68;56;0.5;0.5
0146_000_mf_n_00000000_n;0;1088;784;68;56;68;56;0.5;0.5
0146_000_mf_n_00000000_r;0;1156;784;68;56;68;56;0.5;0.5
0146_001_mf_n_00000000_n;0;1224;784;68;56;68;56;0.5;0.5
0146_001_mf_n_00000000_r;0;1292;784;68;56;68;56;0.5;0.5
0147_000_mf_n_00000000_n;0;1360;784;68;56;68;56;0.5;0.5
0147_000_mf_n_00000000_r;0;1428;784;68;56;68;56;0.5;0.5
0148_000_mf_n_00000000_n;0;1496;784;68;56;68;56;0.5;0.5
0148_000_mf_n_00000000_r;0;1564;784;68;56;68;56;0.5;0.5
0149_000_mf_n_00000000_n;0;1632;784;68;56;68;56;0.5;0.5
0149_000_mf_n_00000000_r;0;1700;784;68;56;68;56;0.5;0.5
0150_000_mf_n_00000000_n;0;1768;784;68;56;68;56;0.5;0.5
0150_000_mf_n_00000000_r;0;1836;784;68;56;68;56;0.5;0.5
0150_001_mf_n_00000000_n;0;1904;784;68;56;68;56;0.5;0.5
0150_001_mf_n_00000000_r;0;1972;784;68;56;68;56;0.5;0.5
0150_002_mf_n_00000000_n;0;0;840;68;56;68;56;0.5;0.5
0150_002_mf_n_00000000_r;0;68;840;68;56;68;56;0.5;0.5
0150_003_mf_n_00000000_n;0;136;840;68;56;68;56;0.5;0.5
0150_003_mf_n_00000000_r;0;204;840;68;56;68;56;0.5;0.5
0150_004_mf_n_00000000_n;0;272;840;68;56;68;56;0.5;0.5
0150_004_mf_n_00000000_r;0;340;840;68;56;68;56;0.5;0.5
0150_005_mf_n_00000000_n;0;408;840;68;56;68;56;0.5;0.5
0150_005_mf_n_00000000_r;0;476;840;68;56;68;56;0.5;0.5
0151_000_mf_n_00000000_n;0;544;840;68;56;68;56;0.5;0.5
0151_000_mf_n_00000000_r;0;612;840;68;56;68;56;0.5;0.5
0152_000_mf_n_00000000_n;0;680;840;68;56;68;56;0.5;0.5
0152_000_mf_n_00000000_r;0;748;840;68;56;68;56;0.5;0.5
0153_000_mf_n_00000000_n;0;816;840;68;56;68;56;0.5;0.5
0153_000_mf_n_00000000_r;0;884;840;68;56;68;56;0.5;0.5
0154_000_mf_n_00000000_n;0;952;840;68;56;68;56;0.5;0.5
0154_000_mf_n_00000000_r;0;1020;840;68;56;68;56;0.5;0.5
0155_000_mf_n_00000000_n;0;1088;840;68;56;68;56;0.5;0.5
0155_000_mf_n_00000000_r;0;1156;840;68;56;68;56;0.5;0.5
0156_000_mf_n_00000000_n;0;1224;840;68;56;68;56;0.5;0.5
0156_000_mf_n_00000000_r;0;1292;840;68;56;68;56;0.5;0.5
0157_000_mf_n_00000000_n;0;1360;840;68;56;68;56;0.5;0.5
0157_000_mf_n_00000000_r;0;1428;840;68;56;68;56;0.5;0.5
0157_001_mf_n_00000000_n;0;1496;840;68;56;68;56;0.5;0.5
0157_001_mf_n_00000000_r;0;1564;840;68;56;68;56;0.5;0.5
0158_000_mf_n_00000000_n;0;1632;840;68;56;68;56;0.5;0.5
0158_000_mf_n_00000000_r;0;1700;840;68;56;68;56;0.5;0.5
0159_000_mf_n_00000000_n;0;1768;840;68;56;68;56;0.5;0.5
0159_000_mf_n_00000000_r;0;1836;840;68;56;68;56;0.5;0.5
0160_000_mf_n_00000000_n;0;1904;840;68;56;68;56;0.5;0.5
0160_000_mf_n_00000000_r;0;1972;840;68;56;68;56;0.5;0.5
0161_000_mf_n_00000000_n;0;0;896;68;56;68;56;0.5;0.5
0161_000_mf_n_00000000_r;0;68;896;68;56;68;56;0.5;0.5
0162_000_mf_n_00000000_n;0;136;896;68;56;68;56;0.5;0.5
0162_000_mf_n_00000000_r;0;204;896;68;56;68;56;0.5;0.5
0163_000_mf_n_00000000_n;0;272;896;68;56;68;56;0.5;0.5
0163_000_mf_n_00000000_r;0;340;896;68;56;68;56;0.5;0.5
0164_000_mf_n_00000000_n;0;408;896;68;56;68;56;0.5;0.5
0164_000_mf_n_00000000_r;0;476;896;68;56;68;56;0.5;0.5
0165_000_mf_n_00000000_n;0;544;896;68;56;68;56;0.5;0.5
0165_000_mf_n_00000000_r;0;612;896;68;56;68;56;0.5;0.5
0166_000_mf_n_00000000_n;0;680;896;68;56;68;56;0.5;0.5
0166_000_mf_n_00000000_r;0;748;896;68;56;68;56;0.5;0.5
0167_000_mf_n_00000000_n;0;816;896;68;56;68;56;0.5;0.5
0167_000_mf_n_00000000_r;0;884;896;68;56;68;56;0.5;0.5
0168_000_mf_n_00000000_n;0;952;896;68;56;68;56;0.5;0.5
0168_000_mf_n_00000000_r;0;1020;896;68;56;68;56;0.5;0.5
0169_000_mf_n_00000000_n;0;1088;896;68;56;68;56;0.5;0.5
0169_000_mf_n_00000000_r;0;1156;896;68;56;68;56;0.5;0.5
0170_000_mf_n_00000000_n;0;1224;896;68;56;68;56;0.5;0.5
0170_000_mf_n_00000000_r;0;1292;896;68;56;68;56;0.5;0.5
0171_000_mf_n_00000000_n;0;1360;896;68;56;68;56;0.5;0.5
0171_000_mf_n_00000000_r;0;1428;896;68;56;68;56;0.5;0.5
0172_000_mf_n_00000000_n;0;1496;896;68;56;68;56;0.5;0.5
0172_000_mf_n_00000000_r;0;1564;896;68;56;68;56;0.5;0.5
0173_000_mf_n_00000000_n;0;1632;896;68;56;68;56;0.5;0.5
0173_000_mf_n_00000000_r;0;1700;896;68;56;68;56;0.5;0.5
0174_000_mf_n_00000000_n;0;1768;896;68;56;68;56;0.5;0.5
0174_000_mf_n_00000000_r;0;1836;896;68;56;68;56;0.5;0.5
0175_000_mf_n_00000000_n;0;1904;896;68;56;68;56;0.5;0.5
0175_000_mf_n_00000000_r;0;1972;896;68;56;68;56;0.5;0.5
0176_000_mf_n_00000000_n;0;0;952;68;56;68;56;0.5;0.5
0176_000_mf_n_00000000_r;0;68;952;68;56;68;56;0.5;0.5
0177_000_mf_n_00000000_n;0;136;952;68;56;68;56;0.5;0.5
0177_000_mf_n_00000000_r;0;204;952;68;56;68;56;0.5;0.5
0178_000_mf_n_00000000_n;0;272;952;68;56;68;56;0.5;0.5
0178_000_mf_n_00000000_r;0;340;952;68;56;68;56;0.5;0.5
0179_000_mf_n_00000000_n;0;408;952;68;56;68;56;0.5;0.5
0179_000_mf_n_00000000_r;0;476;952;68;56;68;56;0.5;0.5
0180_000_mf_n_00000000_n;0;544;952;68;56;68;56;0.5;0.5
0180_000_mf_n_00000000_r;0;612;952;68;56;68;56;0.5;0.5
0181_000_mf_n_00000000_n;0;680;952;68;56;68;56;0.5;0.5
0181_000_mf_n_00000000_r;0;748;952;68;56;68;56;0.5;0.5
0181_001_mf_n_00000000_n;0;816;952;68;56;68;56;0.5;0.5
0181_001_mf_n_00000000_r;0;884;952;68;56;68;56;0.5;0.5
0182_000_mf_n_00000000_n;0;952;952;68;56;68;56;0.5;0.5
0182_000_mf_n_00000000_r;0;1020;952;68;56;68;56;0.5;0.5
0183_000_mf_n_00000000_n;0;1088;952;68;56;68;56;0.5;0.5
0183_000_mf_n_00000000_r;0;1156;952;68;56;68;56;0.5;0.5
0184_000_mf_n_00000000_n;0;1224;952;68;56;68;56;0.5;0.5
0184_000_mf_n_00000000_r;0;1292;952;68;56;68;56;0.5;0.5
0185_000_mf_n_00000000_n;0;1360;952;68;56;68;56;0.5;0.5
0185_000_mf_n_00000000_r;0;1428;952;68;56;68;56;0.5;0.5
0186_000_mf_n_00000000_n;0;1496;952;68;56;68;56;0.5;0.5
0186_000_mf_n_00000000_r;0;1564;952;68;56;68;56;0.5;0.5
0187_000_mf_n_00000000_n;0;1632;952;68;56;68;56;0.5;0.5
0187_000_mf_n_00000000_r;0;1700;952;68;56;68;56;0.5;0.5
0188_000_mf_n_00000000_n;0;1768;952;68;56;68;56;0.5;0.5
0188_000_mf_n_00000000_r;0;1836;952;68;56;68;56;0.5;0.5
0189_000_mf_n_00000000_n;0;1904;952;68;56;68;56;0.5;0.5
0189_000_mf_n_00000000_r;0;1972;952;68;56;68;56;0.5;0.5
0190_000_mf_n_00000000_n;0;0;1008;68;56;68;56;0.5;0.5
0190_000_mf_n_00000000_r;0;68;1008;68;56;68;56;0.5;0.5
0191_000_mf_n_00000000_n;0;136;1008;68;56;68;56;0.5;0.5
0191_000_mf_n_00000000_r;0;204;1008;68;56;68;56;0.5;0.5
0192_000_mf_n_00000000_n;0;272;1008;68;56;68;56;0.5;0.5
0192_000_mf_n_00000000_r;0;340;1008;68;56;68;56;0.5;0.5
0193_000_mf_n_00000000_n;0;408;1008;68;56;68;56;0.5;0.5
0193_000_mf_n_00000000_r;0;476;1008;68;56;68;56;0.5;0.5
0194_000_mf_n_00000000_n;0;544;1008;68;56;68;56;0.5;0.5
0194_000_mf_n_00000000_r;0;612;1008;68;56;68;56;0.5;0.5
0195_000_mf_n_00000000_n;0;680;1008;68;56;68;56;0.5;0.5
0195_000_mf_n_00000000_r;0;748;1008;68;56;68;56;0.5;0.5
0196_000_mf_n_00000000_n;0;816;1008;68;56;68;56;0.5;0.5
0196_000_mf_n_00000000_r;0;884;1008;68;56;68;56;0.5;0.5
0197_000_mf_n_00000000_n;0;952;1008;68;56;68;56;0.5;0.5
0197_000_mf_n_00000000_r;0;1020;1008;68;56;68;56;0.5;0.5
0198_000_mf_n_00000000_n;0;1088;1008;68;56;68;56;0.5;0.5
0198_000_mf_n_00000000_r;0;1156;1008;68;56;68;56;0.5;0.5
0199_000_mf_n_00000000_n;0;1224;1008;68;56;68;56;0.5;0.5
0199_000_mf_n_00000000_r;0;1292;1008;68;56;68;56;0.5;0.5
0199_001_mf_n_00000000_n;0;1360;1008;68;56;68;56;0.5;0.5
0199_001_mf_n_00000000_r;0;1428;1008;68;56;68;56;0.5;0.5
0200_000_mf_n_00000000_n;0;1496;1008;68;56;68;56;0.5;0.5
0200_000_mf_n_00000000_r;0;1564;1008;68;56;68;56;0.5;0.5
0201_000_mf_n_00000000_n;0;1632;1008;68;56;68;56;0.5;0.5
0201_000_mf_n_00000000_r;0;1700;1008;68;56;68;56;0.5;0.5
0201_001_mf_n_00000000_n;0;1768;1008;68;56;68;56;0.5;0.5
0201_001_mf_n_00000000_r;0;1836;1008;68;56;68;56;0.5;0.5
0201_002_mf_n_00000000_n;0;1904;1008;68;56;68;56;0.5;0.5
0201_002_mf_n_00000000_r;0;1972;1008;68;56;68;56;0.5;0.5
0201_003_mf_n_00000000_n;0;0;1064;68;56;68;56;0.5;0.5
0201_003_mf_n_00000000_r;0;68;1064;68;56;68;56;0.5;0.5
0201_004_mf_n_00000000_n;0;136;1064;68;56;68;56;0.5;0.5
0201_004_mf_n_00000000_r;0;204;1064;68;56;68;56;0.5;0.5
0201_005_mf_n_00000000_n;0;272;1064;68;56;68;56;0.5;0.5
0201_005_mf_n_00000000_r;0;340;1064;68;56;68;56;0.5;0.5
0201_006_mf_n_00000000_n;0;408;1064;68;56;68;56;0.5;0.5
0201_006_mf_n_00000000_r;0;476;1064;68;56;68;56;0.5;0.5
0201_007_mf_n_00000000_n;0;544;1064;68;56;68;56;0.5;0.5
0201_007_mf_n_00000000_r;0;612;1064;68;56;68;56;0.5;0.5
0201_008_mf_n_00000000_n;0;680;1064;68;56;68;56;0.5;0.5
0201_008_mf_n_00000000_r;0;748;1064;68;56;68;56;0.5;0.5
0201_009_mf_n_00000000_n;0;816;1064;68;56;68;56;0.5;0.5
0201_009_mf_n_00000000_r;0;884;1064;68;56;68;56;0.5;0.5
0201_010_mf_n_00000000_n;0;952;1064;68;56;68;56;0.5;0.5
0201_010_mf_n_00000000_r;0;1020;1064;68;56;68;56;0.5;0.5
0201_011_mf_n_00000000_n;0;1088;1064;68;56;68;56;0.5;0.5
0201_011_mf_n_00000000_r;0;1156;1064;68;56;68;56;0.5;0.5
0201_012_mf_n_00000000_n;0;1224;1064;68;56;68;56;0.5;0.5
0201_012_mf_n_00000000_r;0;1292;1064;68;56;68;56;0.5;0.5
0201_013_mf_n_00000000_n;0;1360;1064;68;56;68;56;0.5;0.5
0201_013_mf_n_00000000_r;0;1428;1064;68;56;68;56;0.5;0.5
0201_014_mf_n_00000000_n;0;1496;1064;68;56;68;56;0.5;0.5
0201_014_mf_n_00000000_r;0;1564;1064;68;56;68;56;0.5;0.5
0201_015_mf_n_00000000_n;0;1632;1064;68;56;68;56;0.5;0.5
0201_015_mf_n_00000000_r;0;1700;1064;68;56;68;56;0.5;0.5
0201_016_mf_n_00000000_n;0;1768;1064;68;56;68;56;0.5;0.5
0201_016_mf_n_00000000_r;0;1836;1064;68;56;68;56;0.5;0.5
0201_017_mf_n_00000000_n;0;1904;1064;68;56;68;56;0.5;0.5
0201_017_mf_n_00000000_r;0;1972;1064;68;56;68;56;0.5;0.5
0201_018_mf_n_00000000_n;0;0;1120;68;56;68;56;0.5;0.5
0201_018_mf_n_00000000_r;0;68;1120;68;56;68;56;0.5;0.5
0201_019_mf_n_00000000_n;0;136;1120;68;56;68;56;0.5;0.5
0201_019_mf_n_00000000_r;0;204;1120;68;56;68;56;0.5;0.5
0201_020_mf_n_00000000_n;0;272;1120;68;56;68;56;0.5;0.5
0201_020_mf_n_00000000_r;0;340;1120;68;56;68;56;0.5;0.5
0201_021_mf_n_00000000_n;0;408;1120;68;56;68;56;0.5;0.5
0201_021_mf_n_00000000_r;0;476;1120;68;56;68;56;0.5;0.5
0201_022_mf_n_00000000_n;0;544;1120;68;56;68;56;0.5;0.5
0201_022_mf_n_00000000_r;0;612;1120;68;56;68;56;0.5;0.5
0201_023_mf_n_00000000_n;0;680;1120;68;56;68;56;0.5;0.5
0201_023_mf_n_00000000_r;0;748;1120;68;56;68;56;0.5;0.5
0201_024_mf_n_00000000_n;0;816;1120;68;56;68;56;0.5;0.5
0201_024_mf_n_00000000_r;0;884;1120;68;56;68;56;0.5;0.5
0201_025_mf_n_00000000_n;0;952;1120;68;56;68;56;0.5;0.5
0201_025_mf_n_00000000_r;0;1020;1120;68;56;68;56;0.5;0.5
0201_026_mf_n_00000000_n;0;1088;1120;68;56;68;56;0.5;0.5
0201_026_mf_n_00000000_r;0;1156;1120;68;56;68;56;0.5;0.5
0201_027_mf_n_00000000_n;0;1224;1120;68;56;68;56;0.5;0.5
0201_027_mf_n_00000000_r;0;1292;1120;68;56;68;56;0.5;0.5
0202_000_fo_n_00000000_n;0;1360;1120;68;56;68;56;0.5;0.5
0202_000_fo_n_00000000_r;0;1428;1120;68;56;68;56;0.5;0.5
0202_000_mf_n_00000000_n;0;1496;1120;68;56;68;56;0.5;0.5
0202_000_mf_n_00000000_r;0;1564;1120;68;56;68;56;0.5;0.5
0203_000_mf_n_00000000_n;0;1632;1120;68;56;68;56;0.5;0.5
0203_000_mf_n_00000000_r;0;1700;1120;68;56;68;56;0.5;0.5
0204_000_mf_n_00000000_n;0;1768;1120;68;56;68;56;0.5;0.5
0204_000_mf_n_00000000_r;0;1836;1120;68;56;68;56;0.5;0.5
0205_000_mf_n_00000000_n;0;1904;1120;68;56;68;56;0.5;0.5
0205_000_mf_n_00000000_r;0;1972;1120;68;56;68;56;0.5;0.5
0206_000_mf_n_00000000_n;0;0;1176;68;56;68;56;0.5;0.5
0206_000_mf_n_00000000_r;0;68;1176;68;56;68;56;0.5;0.5
0207_000_mf_n_00000000_n;0;136;1176;68;56;68;56;0.5;0.5
0207_000_mf_n_00000000_r;0;204;1176;68;56;68;56;0.5;0.5
0208_000_mf_n_00000000_n;0;272;1176;68;56;68;56;0.5;0.5
0208_000_mf_n_00000000_r;0;340;1176;68;56;68;56;0.5;0.5
0208_001_mf_n_00000000_n;0;408;1176;68;56;68;56;0.5;0.5
0208_001_mf_n_00000000_r;0;476;1176;68;56;68;56;0.5;0.5
0209_000_mf_n_00000000_n;0;544;1176;68;56;68;56;0.5;0.5
0209_000_mf_n_00000000_r;0;612;1176;68;56;68;56;0.5;0.5
0210_000_mf_n_00000000_n;0;680;1176;68;56;68;56;0.5;0.5
0210_000_mf_n_00000000_r;0;748;1176;68;56;68;56;0.5;0.5
0211_000_mf_n_00000000_n;0;816;1176;68;56;68;56;0.5;0.5
0211_000_mf_n_00000000_r;0;884;1176;68;56;68;56;0.5;0.5
0211_001_mf_n_00000000_n;0;952;1176;68;56;68;56;0.5;0.5
0211_001_mf_n_00000000_r;0;1020;1176;68;56;68;56;0.5;0.5
0212_000_mf_n_00000000_n;0;1088;1176;68;56;68;56;0.5;0.5
0212_000_mf_n_00000000_r;0;1156;1176;68;56;68;56;0.5;0.5
0212_001_mf_n_00000000_n;0;1224;1176;68;56;68;56;0.5;0.5
0212_001_mf_n_00000000_r;0;1292;1176;68;56;68;56;0.5;0.5
0213_000_mf_n_00000000_n;0;1360;1176;68;56;68;56;0.5;0.5
0213_000_mf_n_00000000_r;0;1428;1176;68;56;68;56;0.5;0.5
0214_000_mf_n_00000000_n;0;1496;1176;68;56;68;56;0.5;0.5
0214_000_mf_n_00000000_r;0;1564;1176;68;56;68;56;0.5;0.5
0214_001_mf_n_00000000_n;0;1632;1176;68;56;68;56;0.5;0.5
0214_001_mf_n_00000000_r;0;1700;1176;68;56;68;56;0.5;0.5
0215_000_mf_n_00000000_n;0;1768;1176;68;56;68;56;0.5;0.5
0215_000_mf_n_00000000_r;0;1836;1176;68;56;68;56;0.5;0.5
0215_001_mf_n_00000000_n;0;1904;1176;68;56;68;56;0.5;0.5
0215_001_mf_n_00000000_r;0;1972;1176;68;56;68;56;0.5;0.5
0216_000_mf_n_00000000_n;0;0;1232;68;56;68;56;0.5;0.5
0216_000_mf_n_00000000_r;0;68;1232;68;56;68;56;0.5;0.5
0217_000_mf_n_00000000_n;0;136;1232;68;56;68;56;0.5;0.5
0217_000_mf_n_00000000_r;0;204;1232;68;56;68;56;0.5;0.5
0218_000_mf_n_00000000_n;0;272;1232;68;56;68;56;0.5;0.5
0218_000_mf_n_00000000_r;0;340;1232;68;56;68;56;0.5;0.5
0219_000_mf_n_00000000_n;0;408;1232;68;56;68;56;0.5;0.5
0219_000_mf_n_00000000_r;0;476;1232;68;56;68;56;0.5;0.5
0220_000_mf_n_00000000_n;0;544;1232;68;56;68;56;0.5;0.5
0220_000_mf_n_00000000_r;0;612;1232;68;56;68;56;0.5;0.5
0221_000_mf_n_00000000_n;0;680;1232;68;56;68;56;0.5;0.5
0221_000_mf_n_00000000_r;0;748;1232;68;56;68;56;0.5;0.5
0222_000_mf_n_00000000_n;0;816;1232;68;56;68;56;0.5;0.5
0222_000_mf_n_00000000_r;0;884;1232;68;56;68;56;0.5;0.5
0222_001_mf_n_00000000_n;0;952;1232;68;56;68;56;0.5;0.5
0222_001_mf_n_00000000_r;0;1020;1232;68;56;68;56;0.5;0.5
0223_000_mf_n_00000000_n;0;1088;1232;68;56;68;56;0.5;0.5
0223_000_mf_n_00000000_r;0;1156;1232;68;56;68;56;0.5;0.5
0224_000_mf_n_00000000_n;0;1224;1232;68;56;68;56;0.5;0.5
0224_000_mf_n_00000000_r;0;1292;1232;68;56;68;56;0.5;0.5
0225_000_mf_n_00000000_n;0;1360;1232;68;56;68;56;0.5;0.5
0225_000_mf_n_00000000_r;0;1428;1232;68;56;68;56;0.5;0.5
0226_000_mf_n_00000000_n;0;1496;1232;68;56;68;56;0.5;0.5
0226_000_mf_n_00000000_r;0;1564;1232;68;56;68;56;0.5;0.5
0227_000_mf_n_00000000_n;0;1632;1232;68;56;68;56;0.5;0.5
0227_000_mf_n_00000000_r;0;1700;1232;68;56;68;56;0.5;0.5
0228_000_mf_n_00000000_n;0;1768;1232;68;56;68;56;0.5;0.5
0228_000_mf_n_00000000_r;0;1836;1232;68;56;68;56;0.5;0.5
0229_000_mf_n_00000000_n;0;1904;1232;68;56;68;56;0.5;0.5
0229_000_mf_n_00000000_r;0;1972;1232;68;56;68;56;0.5;0.5
0229_001_mf_n_00000000_n;0;0;1288;68;56;68;56;0.5;0.5
0229_001_mf_n_00000000_r;0;68;1288;68;56;68;56;0.5;0.5
0230_000_mf_n_00000000_n;0;136;1288;68;56;68;56;0.5;0.5
0230_000_mf_n_00000000_r;0;204;1288;68;56;68;56;0.5;0.5
0231_000_mf_n_00000000_n;0;272;1288;68;56;68;56;0.5;0.5
0231_000_mf_n_00000000_r;0;340;1288;68;56;68;56;0.5;0.5
0232_000_mf_n_00000000_n;0;408;1288;68;56;68;56;0.5;0.5
0232_000_mf_n_00000000_r;0;476;1288;68;56;68;56;0.5;0.5
0233_000_mf_n_00000000_n;0;544;1288;68;56;68;56;0.5;0.5
0233_000_mf_n_00000000_r;0;612;1288;68;56;68;56;0.5;0.5
0234_000_mf_n_00000000_n;0;680;1288;68;56;68;56;0.5;0.5
0234_000_mf_n_00000000_r;0;748;1288;68;56;68;56;0.5;0.5
0235_000_mf_n_00000000_n;0;816;1288;68;56;68;56;0.5;0.5
0235_000_mf_n_00000000_r;0;884;1288;68;56;68;56;0.5;0.5
0236_000_mf_n_00000000_n;0;952;1288;68;56;68;56;0.5;0.5
0236_000_mf_n_00000000_r;0;1020;1288;68;56;68;56;0.5;0.5
0237_000_mf_n_00000000_n;0;1088;1288;68;56;68;56;0.5;0.5
0237_000_mf_n_00000000_r;0;1156;1288;68;56;68;56;0.5;0.5
0238_000_mf_n_00000000_n;0;1224;1288;68;56;68;56;0.5;0.5
0238_000_mf_n_00000000_r;0;1292;1288;68;56;68;56;0.5;0.5
0239_000_mf_n_00000000_n;0;1360;1288;68;56;68;56;0.5;0.5
0239_000_mf_n_00000000_r;0;1428;1288;68;56;68;56;0.5;0.5
0240_000_mf_n_00000000_n;0;1496;1288;68;56;68;56;0.5;0.5
0240_000_mf_n_00000000_r;0;1564;1288;68;56;68;56;0.5;0.5
0241_000_mf_n_00000000_n;0;1632;1288;68;56;68;56;0.5;0.5
0241_000_mf_n_00000000_r;0;1700;1288;68;56;68;56;0.5;0.5
0242_000_mf_n_00000000_n;0;1768;1288;68;56;68;56;0.5;0.5
0242_000_mf_n_00000000_r;0;1836;1288;68;56;68;56;0.5;0.5
0243_000_mf_n_00000000_n;0;1904;1288;68;56;68;56;0.5;0.5
0243_000_mf_n_00000000_r;0;1972;1288;68;56;68;56;0.5;0.5
0244_000_mf_n_00000000_n;0;0;1344;68;56;68;56;0.5;0.5
0244_000_mf_n_00000000_r;0;68;1344;68;56;68;56;0.5;0.5
0245_000_mf_n_00000000_n;0;136;1344;68;56;68;56;0.5;0.5
0245_000_mf_n_00000000_r;0;204;1344;68;56;68;56;0.5;0.5
0246_000_mf_n_00000000_n;0;272;1344;68;56;68;56;0.5;0.5
0246_000_mf_n_00000000_r;0;340;1344;68;56;68;56;0.5;0.5
0247_000_mf_n_00000000_n;0;408;1344;68;56;68;56;0.5;0.5
0247_000_mf_n_00000000_r;0;476;1344;68;56;68;56;0.5;0.5
0248_000_mf_n_00000000_n;0;544;1344;68;56;68;56;0.5;0.5
0248_000_mf_n_00000000_r;0;612;1344;68;56;68;56;0.5;0.5
0248_001_mf_n_00000000_n;0;680;1344;68;56;68;56;0.5;0.5
0248_001_mf_n_00000000_r;0;748;1344;68;56;68;56;0.5;0.5
0249_000_mf_n_00000000_n;0;816;1344;68;56;68;56;0.5;0.5
0249_000_mf_n_00000000_r;0;884;1344;68;56;68;56;0.5;0.5
0249_001_mf_n_00000000_n;0;952;1344;68;56;68;56;0.5;0.5
0249_001_mf_n_00000000_r;0;1020;1344;68;56;68;56;0.5;0.5
0250_000_mf_n_00000000_n;0;1088;1344;68;56;68;56;0.5;0.5
0250_000_mf_n_00000000_r;0;1156;1344;68;56;68;56;0.5;0.5
0251_000_mf_n_00000000_n;0;1224;1344;68;56;68;56;0.5;0.5
0251_000_mf_n_00000000_r;0;1292;1344;68;56;68;56;0.5;0.5
0252_000_mf_n_00000000_n;0;1360;1344;68;56;68;56;0.5;0.5
0252_000_mf_n_00000000_r;0;1428;1344;68;56;68;56;0.5;0.5
0253_000_mf_n_00000000_n;0;1496;1344;68;56;68;56;0.5;0.5
0253_000_mf_n_00000000_r;0;1564;1344;68;56;68;56;0.5;0.5
0254_000_mf_n_00000000_n;0;1632;1344;68;56;68;56;0.5;0.5
0254_000_mf_n_00000000_r;0;1700;1344;68;56;68;56;0.5;0.5
0254_001_mf_n_00000000_n;0;1768;1344;68;56;68;56;0.5;0.5
0254_001_mf_n_00000000_r;0;1836;1344;68;56;68;56;0.5;0.5
0255_000_mf_n_00000000_n;0;1904;1344;68;56;68;56;0.5;0.5
0255_000_mf_n_00000000_r;0;1972;1344;68;56;68;56;0.5;0.5
0256_000_mf_n_00000000_n;0;0;1400;68;56;68;56;0.5;0.5
0256_000_mf_n_00000000_r;0;68;1400;68;56;68;56;0.5;0.5
0257_000_mf_n_00000000_n;0;136;1400;68;56;68;56;0.5;0.5
0257_000_mf_n_00000000_r;0;204;1400;68;56;68;56;0.5;0.5
0257_001_mf_n_00000000_n;0;272;1400;68;56;68;56;0.5;0.5
0257_001_mf_n_00000000_r;0;340;1400;68;56;68;56;0.5;0.5
0258_000_mf_n_00000000_n;0;408;1400;68;56;68;56;0.5;0.5
0258_000_mf_n_00000000_r;0;476;1400;68;56;68;56;0.5;0.5
0259_000_mf_n_00000000_n;0;544;1400;68;56;68;56;0.5;0.5
0259_000_mf_n_00000000_r;0;612;1400;68;56;68;56;0.5;0.5
0260_000_mf_n_00000000_n;0;680;1400;68;56;68;56;0.5;0.5
0260_000_mf_n_00000000_r;0;748;1400;68;56;68;56;0.5;0.5
0260_001_mf_n_00000000_n;0;816;1400;68;56;68;56;0.5;0.5
0260_001_mf_n_00000000_r;0;884;1400;68;56;68;56;0.5;0.5
0261_000_mf_n_00000000_n;0;952;1400;68;56;68;56;0.5;0.5
0261_000_mf_n_00000000_r;0;1020;1400;68;56;68;56;0.5;0.5
0262_000_mf_n_00000000_n;0;1088;1400;68;56;68;56;0.5;0.5
0262_000_mf_n_00000000_r;0;1156;1400;68;56;68;56;0.5;0.5
0263_000_mf_n_00000000_n;0;1224;1400;68;56;68;56;0.5;0.5
0263_000_mf_n_00000000_r;0;1292;1400;68;56;68;56;0.5;0.5
0263_001_mf_n_00000000_n;0;1360;1400;68;56;68;56;0.5;0.5
0263_001_mf_n_00000000_r;0;1428;1400;68;56;68;56;0.5;0.5
0264_000_mf_n_00000000_n;0;1496;1400;68;56;68;56;0.5;0.5
0264_000_mf_n_00000000_r;0;1564;1400;68;56;68;56;0.5;0.5
0264_001_mf_n_00000000_n;0;1632;1400;68;56;68;56;0.5;0.5
0264_001_mf_n_00000000_r;0;1700;1400;68;56;68;56;0.5;0.5
0265_000_mf_n_00000000_n;0;1768;1400;68;56;68;56;0.5;0.5
0265_000_mf_n_00000000_r;0;1836;1400;68;56;68;56;0.5;0.5
0266_000_mf_n_00000000_n;0;1904;1400;68;56;68;56;0.5;0.5
0266_000_mf_n_00000000_r;0;1972;1400;68;56;68;56;0.5;0.5
0267_000_mf_n_00000000_n;0;0;1456;68;56;68;56;0.5;0.5
0267_000_mf_n_00000000_r;0;68;1456;68;56;68;56;0.5;0.5
0268_000_mf_n_00000000_n;0;136;1456;68;56;68;56;0.5;0.5
0268_000_mf_n_00000000_r;0;204;1456;68;56;68;56;0.5;0.5
0269_000_mf_n_00000000_n;0;272;1456;68;56;68;56;0.5;0.5
0269_000_mf_n_00000000_r;0;340;1456;68;56;68;56;0.5;0.5
0270_000_mf_n_00000000_n;0;408;1456;68;56;68;56;0.5;0.5
0270_000_mf_n_00000000_r;0;476;1456;68;56;68;56;0.5;0.5
0271_000_mf_n_00000000_n;0;544;1456;68;56;68;56;0.5;0.5
0271_000_mf_n_00000000_r;0;612;1456;68;56;68;56;0.5;0.5
0272_000_mf_n_00000000_n;0;680;1456;68;56;68;56;0.5;0.5
0272_000_mf_n_00000000_r;0;748;1456;68;56;68;56;0.5;0.5
0273_000_mf_n_00000000_n;0;816;1456;68;56;68;56;0.5;0.5
0273_000_mf_n_00000000_r;0;884;1456;68;56;68;56;0.5;0.5
0274_000_mf_n_00000000_n;0;952;1456;68;56;68;56;0.5;0.5
0274_000_mf_n_00000000_r;0;1020;1456;68;56;68;56;0.5;0.5
0275_000_mf_n_00000000_n;0;1088;1456;68;56;68;56;0.5;0.5
0275_000_mf_n_00000000_r;0;1156;1456;68;56;68;56;0.5;0.5
0276_000_mf_n_00000000_n;0;1224;1456;68;56;68;56;0.5;0.5
0276_000_mf_n_00000000_r;0;1292;1456;68;56;68;56;0.5;0.5
0277_000_mf_n_00000000_n;0;1360;1456;68;56;68;56;0.5;0.5
0277_000_mf_n_00000000_r;0;1428;1456;68;56;68;56;0.5;0.5
0278_000_mf_n_00000000_n;0;1496;1456;68;56;68;56;0.5;0.5
0278_000_mf_n_00000000_r;0;1564;1456;68;56;68;56;0.5;0.5
0279_000_mf_n_00000000_n;0;1632;1456;68;56;68;56;0.5;0.5
0279_000_mf_n_00000000_r;0;1700;1456;68;56;68;56;0.5;0.5
0280_000_mf_n_00000000_n;0;1768;1456;68;56;68;56;0.5;0.5
0280_000_mf_n_00000000_r;0;1836;1456;68;56;68;56;0.5;0.5
0281_000_mf_n_00000000_n;0;1904;1456;68;56;68;56;0.5;0.5
0281_000_mf_n_00000000_r;0;1972;1456;68;56;68;56;0.5;0.5
0282_000_mf_n_00000000_n;0;0;1512;68;56;68;56;0.5;0.5
0282_000_mf_n_00000000_r;0;68;1512;68;56;68;56;0.5;0.5
0282_001_mf_n_00000000_n;0;136;1512;68;56;68;56;0.5;0.5
0282_001_mf_n_00000000_r;0;204;1512;68;56;68;56;0.5;0.5
0283_000_mf_n_00000000_n;0;272;1512;68;56;68;56;0.5;0.5
0283_000_mf_n_00000000_r;0;340;1512;68;56;68;56;0.5;0.5
0284_000_mf_n_00000000_n;0;408;1512;68;56;68;56;0.5;0.5
0284_000_mf_n_00000000_r;0;476;1512;68;56;68;56;0.5;0.5
0285_000_mf_n_00000000_n;0;544;1512;68;56;68;56;0.5;0.5
0285_000_mf_n_00000000_r;0;612;1512;68;56;68;56;0.5;0.5
0286_000_mf_n_00000000_n;0;680;1512;68;56;68;56;0.5;0.5
0286_000_mf_n_00000000_r;0;748;1512;68;56;68;56;0.5;0.5
0287_000_mf_n_00000000_n;0;816;1512;68;56;68;56;0.5;0.5
0287_000_mf_n_00000000_r;0;884;1512;68;56;68;56;0.5;0.5
0288_000_mf_n_00000000_n;0;952;1512;68;56;68;56;0.5;0.5
0288_000_mf_n_00000000_r;0;1020;1512;68;56;68;56;0.5;0.5
0289_000_mf_n_00000000_n;0;1088;1512;68;56;68;56;0.5;0.5
0289_000_mf_n_00000000_r;0;1156;1512;68;56;68;56;0.5;0.5
0290_000_mf_n_00000000_n;0;1224;1512;68;56;68;56;0.5;0.5
0290_000_mf_n_00000000_r;0;1292;1512;68;56;68;56;0.5;0.5
0291_000_mf_n_00000000_n;0;1360;1512;68;56;68;56;0.5;0.5
0291_000_mf_n_00000000_r;0;1428;1512;68;56;68;56;0.5;0.5
0292_000_mf_n_00000000_n;0;1496;1512;68;56;68;56;0.5;0.5
0292_000_mf_n_00000000_r;0;1564;1512;68;56;68;56;0.5;0.5
0293_000_mf_n_00000000_n;0;1632;1512;68;56;68;56;0.5;0.5
0293_000_mf_n_00000000_r;0;1700;1512;68;56;68;56;0.5;0.5
0294_000_mf_n_00000000_n;0;1768;1512;68;56;68;56;0.5;0.5
0294_000_mf_n_00000000_r;0;1836;1512;68;56;68;56;0.5;0.5
0295_000_mf_n_00000000_n;0;1904;1512;68;56;68;56;0.5;0.5
0295_000_mf_n_00000000_r;0;1972;1512;68;56;68;56;0.5;0.5
0296_000_mf_n_00000000_n;0;0;1568;68;56;68;56;0.5;0.5
0296_000_mf_n_00000000_r;0;68;1568;68;56;68;56;0.5;0.5
0297_000_mf_n_00000000_n;0;136;1568;68;56;68;56;0.5;0.5
0297_000_mf_n_00000000_r;0;204;1568;68;56;68;56;0.5;0.5
0298_000_mf_n_00000000_n;0;272;1568;68;56;68;56;0.5;0.5
0298_000_mf_n_00000000_r;0;340;1568;68;56;68;56;0.5;0.5
0299_000_mf_n_00000000_n;0;408;1568;68;56;68;56;0.5;0.5
0299_000_mf_n_00000000_r;0;476;1568;68;56;68;56;0.5;0.5
0300_000_mf_n_00000000_n;0;544;1568;68;56;68;56;0.5;0.5
0300_000_mf_n_00000000_r;0;612;1568;68;56;68;56;0.5;0.5
0301_000_mf_n_00000000_n;0;680;1568;68;56;68;56;0.5;0.5
0301_000_mf_n_00000000_r;0;748;1568;68;56;68;56;0.5;0.5
0302_000_mf_n_00000000_n;0;816;1568;68;56;68;56;0.5;0.5
0302_000_mf_n_00000000_r;0;884;1568;68;56;68;56;0.5;0.5
0302_001_mf_n_00000000_n;0;952;1568;68;56;68;56;0.5;0.5
0302_001_mf_n_00000000_r;0;1020;1568;68;56;68;56;0.5;0.5
0303_000_mf_n_00000000_n;0;1088;1568;68;56;68;56;0.5;0.5
0303_000_mf_n_00000000_r;0;1156;1568;68;56;68;56;0.5;0.5
0303_001_mf_n_00000000_n;0;1224;1568;68;56;68;56;0.5;0.5
0303_001_mf_n_00000000_r;0;1292;1568;68;56;68;56;0.5;0.5
0304_000_mf_n_00000000_n;0;1360;1568;68;56;68;56;0.5;0.5
0304_000_mf_n_00000000_r;0;1428;1568;68;56;68;56;0.5;0.5
0305_000_mf_n_00000000_n;0;1496;1568;68;56;68;56;0.5;0.5
0305_000_mf_n_00000000_r;0;1564;1568;68;56;68;56;0.5;0.5
0306_000_mf_n_00000000_n;0;1632;1568;68;56;68;56;0.5;0.5
0306_000_mf_n_00000000_r;0;1700;1568;68;56;68;56;0.5;0.5
0306_001_mf_n_00000000_n;0;1768;1568;68;56;68;56;0.5;0.5
0306_001_mf_n_00000000_r;0;1836;1568;68;56;68;56;0.5;0.5
0307_000_mf_n_00000000_n;0;1904;1568;68;56;68;56;0.5;0.5
0307_000_mf_n_00000000_r;0;1972;1568;68;56;68;56;0.5;0.5
0308_000_mf_n_00000000_n;0;0;1624;68;56;68;56;0.5;0.5
0308_000_mf_n_00000000_r;0;68;1624;68;56;68;56;0.5;0.5
0308_001_mf_n_00000000_n;0;136;1624;68;56;68;56;0.5;0.5
0308_001_mf_n_00000000_r;0;204;1624;68;56;68;56;0.5;0.5
0309_000_mf_n_00000000_n;0;272;1624;68;56;68;56;0.5;0.5
0309_000_mf_n_00000000_r;0;340;1624;68;56;68;56;0.5;0.5
0310_000_mf_n_00000000_n;0;408;1624;68;56;68;56;0.5;0.5
0310_000_mf_n_00000000_r;0;476;1624;68;56;68;56;0.5;0.5
0310_001_mf_n_00000000_n;0;544;1624;68;56;68;56;0.5;0.5
0310_001_mf_n_00000000_r;0;612;1624;68;56;68;56;0.5;0.5
0311_000_mf_n_00000000_n;0;680;1624;68;56;68;56;0.5;0.5
0311_000_mf_n_00000000_r;0;748;1624;68;56;68;56;0.5;0.5
0312_000_mf_n_00000000_n;0;816;1624;68;56;68;56;0.5;0.5
0312_000_mf_n_00000000_r;0;884;1624;68;56;68;56;0.5;0.5
0313_000_mf_n_00000000_n;0;952;1624;68;56;68;56;0.5;0.5
0313_000_mf_n_00000000_r;0;1020;1624;68;56;68;56;0.5;0.5
0314_000_mf_n_00000000_n;0;1088;1624;68;56;68;56;0.5;0.5
0314_000_mf_n_00000000_r;0;1156;1624;68;56;68;56;0.5;0.5
0315_000_mf_n_00000000_n;0;1224;1624;68;56;68;56;0.5;0.5
0315_000_mf_n_00000000_r;0;1292;1624;68;56;68;56;0.5;0.5
0316_000_mf_n_00000000_n;0;1360;1624;68;56;68;56;0.5;0.5
0316_000_mf_n_00000000_r;0;1428;1624;68;56;68;56;0.5;0.5
0317_000_mf_n_00000000_n;0;1496;1624;68;56;68;56;0.5;0.5
0317_000_mf_n_00000000_r;0;1564;1624;68;56;68;56;0.5;0.5
0318_000_mf_n_00000000_n;0;1632;1624;68;56;68;56;0.5;0.5
0318_000_mf_n_00000000_r;0;1700;1624;68;56;68;56;0.5;0.5
0319_000_mf_n_00000000_n;0;1768;1624;68;56;68;56;0.5;0.5
0319_000_mf_n_00000000_r;0;1836;1624;68;56;68;56;0.5;0.5
0319_001_mf_n_00000000_n;0;1904;1624;68;56;68;56;0.5;0.5
0319_001_mf_n_00000000_r;0;1972;1624;68;56;68;56;0.5;0.5
0320_000_mf_n_00000000_n;0;0;1680;68;56;68;56;0.5;0.5
0320_000_mf_n_00000000_r;0;68;1680;68;56;68;56;0.5;0.5
0321_000_mf_n_00000000_n;0;136;1680;68;56;68;56;0.5;0.5
0321_000_mf_n_00000000_r;0;204;1680;68;56;68;56;0.5;0.5
0322_000_mf_n_00000000_n;0;272;1680;68;56;68;56;0.5;0.5
0322_000_mf_n_00000000_r;0;340;1680;68;56;68;56;0.5;0.5
0323_000_mf_n_00000000_n;0;408;1680;68;56;68;56;0.5;0.5
0323_000_mf_n_00000000_r;0;476;1680;68;56;68;56;0.5;0.5
0323_001_mf_n_00000000_n;0;544;1680;68;56;68;56;0.5;0.5
0323_001_mf_n_00000000_r;0;612;1680;68;56;68;56;0.5;0.5
0324_000_mf_n_00000000_n;0;680;1680;68;56;68;56;0.5;0.5
0324_000_mf_n_00000000_r;0;748;1680;68;56;68;56;0.5;0.5
0325_000_mf_n_00000000_n;0;816;1680;68;56;68;56;0.5;0.5
0325_000_mf_n_00000000_r;0;884;1680;68;56;68;56;0.5;0.5
0326_000_mf_n_00000000_n;0;952;1680;68;56;68;56;0.5;0.5
0326_000_mf_n_00000000_r;0;1020;1680;68;56;68;56;0.5;0.5
0327_000_mf_n_00000000_n;0;1088;1680;68;56;68;56;0.5;0.5
0327_000_mf_n_00000000_r;0;1156;1680;68;56;68;56;0.5;0.5
0328_000_mf_n_00000000_n;0;1224;1680;68;56;68;56;0.5;0.5
0328_000_mf_n_00000000_r;0;1292;1680;68;56;68;56;0.5;0.5
0329_000_mf_n_00000000_n;0;1360;1680;68;56;68;56;0.5;0.5
0329_000_mf_n_00000000_r;0;1428;1680;68;56;68;56;0.5;0.5
0330_000_mf_n_00000000_n;0;1496;1680;68;56;68;56;0.5;0.5
0330_000_mf_n_00000000_r;0;1564;1680;68;56;68;56;0.5;0.5
0331_000_mf_n_00000000_n;0;1632;1680;68;56;68;56;0.5;0.5
0331_000_mf_n_00000000_r;0;1700;1680;68;56;68;56;0.5;0.5
0332_000_mf_n_00000000_n;0;1768;1680;68;56;68;56;0.5;0.5
0332_000_mf_n_00000000_r;0;1836;1680;68;56;68;56;0.5;0.5
0333_000_mf_n_00000000_n;0;1904;1680;68;56;68;56;0.5;0.5
0333_000_mf_n_00000000_r;0;1972;1680;68;56;68;56;0.5;0.5
0334_000_mf_n_00000000_n;0;0;1736;68;56;68;56;0.5;0.5
0334_000_mf_n_00000000_r;0;68;1736;68;56;68;56;0.5;0.5
0334_001_mf_n_00000000_n;0;136;1736;68;56;68;56;0.5;0.5
0334_001_mf_n_00000000_r;0;204;1736;68;56;68;56;0.5;0.5
0335_000_mf_n_00000000_n;0;272;1736;68;56;68;56;0.5;0.5
0335_000_mf_n_00000000_r;0;340;1736;68;56;68;56;0.5;0.5
0336_000_mf_n_00000000_n;0;408;1736;68;56;68;56;0.5;0.5
0336_000_mf_n_00000000_r;0;476;1736;68;56;68;56;0.5;0.5
0337_000_mf_n_00000000_n;0;544;1736;68;56;68;56;0.5;0.5
0337_000_mf_n_00000000_r;0;612;1736;68;56;68;56;0.5;0.5
0338_000_mf_n_00000000_n;0;680;1736;68;56;68;56;0.5;0.5
0338_000_mf_n_00000000_r;0;748;1736;68;56;68;56;0.5;0.5
0339_000_mf_n_00000000_n;0;816;1736;68;56;68;56;0.5;0.5
0339_000_mf_n_00000000_r;0;884;1736;68;56;68;56;0.5;0.5
0340_000_mf_n_00000000_n;0;952;1736;68;56;68;56;0.5;0.5
0340_000_mf_n_00000000_r;0;1020;1736;68;56;68;56;0.5;0.5
0341_000_mf_n_00000000_n;0;1088;1736;68;56;68;56;0.5;0.5
0341_000_mf_n_00000000_r;0;1156;1736;68;56;68;56;0.5;0.5
0342_000_mf_n_00000000_n;0;1224;1736;68;56;68;56;0.5;0.5
0342_000_mf_n_00000000_r;0;1292;1736;68;56;68;56;0.5;0.5
0343_000_mf_n_00000000_n;0;1360;1736;68;56;68;56;0.5;0.5
0343_000_mf_n_00000000_r;0;1428;1736;68;56;68;56;0.5;0.5
0344_000_mf_n_00000000_n;0;1496;1736;68;56;68;56;0.5;0.5
0344_000_mf_n_00000000_r;0;1564;1736;68;56;68;56;0.5;0.5
0345_000_mf_n_00000000_n;0;1632;1736;68;56;68;56;0.5;0.5
0345_000_mf_n_00000000_r;0;1700;1736;68;56;68;56;0.5;0.5
0346_000_mf_n_00000000_n;0;1768;1736;68;56;68;56;0.5;0.5
0346_000_mf_n_00000000_r;0;1836;1736;68;56;68;56;0.5;0.5
0347_000_mf_n_00000000_n;0;1904;1736;68;56;68;56;0.5;0.5
0347_000_mf_n_00000000_r;0;1972;1736;68;56;68;56;0.5;0.5
0348_000_mf_n_00000000_n;0;0;1792;68;56;68;56;0.5;0.5
0348_000_mf_n_00000000_r;0;68;1792;68;56;68;56;0.5;0.5
0349_000_mf_n_00000000_n;0;136;1792;68;56;68;56;0.5;0.5
0349_000_mf_n_00000000_r;0;204;1792;68;56;68;56;0.5;0.5
0350_000_mf_n_00000000_n;0;272;1792;68;56;68;56;0.5;0.5
0350_000_mf_n_00000000_r;0;340;1792;68;56;68;56;0.5;0.5
0351_000_mf_n_00000000_n;0;408;1792;68;56;68;56;0.5;0.5
0351_000_mf_n_00000000_r;0;476;1792;68;56;68;56;0.5;0.5
0351_001_mf_n_00000000_n;0;544;1792;68;56;68;56;0.5;0.5
0351_001_mf_n_00000000_r;0;612;1792;68;56;68;56;0.5;0.5
0351_002_mf_n_00000000_n;0;680;1792;68;56;68;56;0.5;0.5
0351_002_mf_n_00000000_r;0;748;1792;68;56;68;56;0.5;0.5
0351_003_mf_n_00000000_n;0;816;1792;68;56;68;56;0.5;0.5
0351_003_mf_n_00000000_r;0;884;1792;68;56;68;56;0.5;0.5
0352_000_mf_n_00000000_n;0;952;1792;68;56;68;56;0.5;0.5
0352_000_mf_n_00000000_r;0;1020;1792;68;56;68;56;0.5;0.5
0353_000_mf_n_00000000_n;0;1088;1792;68;56;68;56;0.5;0.5
0353_000_mf_n_00000000_r;0;1156;1792;68;56;68;56;0.5;0.5
0354_000_mf_n_00000000_n;0;1224;1792;68;56;68;56;0.5;0.5
0354_000_mf_n_00000000_r;0;1292;1792;68;56;68;56;0.5;0.5
0354_001_mf_n_00000000_n;0;1360;1792;68;56;68;56;0.5;0.5
0354_001_mf_n_00000000_r;0;1428;1792;68;56;68;56;0.5;0.5
0355_000_mf_n_00000000_n;0;1496;1792;68;56;68;56;0.5;0.5
0355_000_mf_n_00000000_r;0;1564;1792;68;56;68;56;0.5;0.5
0356_000_mf_n_00000000_n;0;1632;1792;68;56;68;56;0.5;0.5
0356_000_mf_n_00000000_r;0;1700;1792;68;56;68;56;0.5;0.5
0357_000_mf_n_00000000_n;0;1768;1792;68;56;68;56;0.5;0.5
0357_000_mf_n_00000000_r;0;1836;1792;68;56;68;56;0.5;0.5
0358_000_mf_n_00000000_n;0;1904;1792;68;56;68;56;0.5;0.5
0358_000_mf_n_00000000_r;0;1972;1792;68;56;68;56;0.5;0.5
0359_000_mf_n_00000000_n;0;0;1848;68;56;68;56;0.5;0.5
0359_000_mf_n_00000000_r;0;68;1848;68;56;68;56;0.5;0.5
0359_001_mf_n_00000000_n;0;136;1848;68;56;68;56;0.5;0.5
0359_001_mf_n_00000000_r;0;204;1848;68;56;68;56;0.5;0.5
0360_000_mf_n_00000000_n;0;272;1848;68;56;68;56;0.5;0.5
0360_000_mf_n_00000000_r;0;340;1848;68;56;68;56;0.5;0.5
0361_000_mf_n_00000000_n;0;408;1848;68;56;68;56;0.5;0.5
0361_000_mf_n_00000000_r;0;476;1848;68;56;68;56;0.5;0.5
0362_000_mf_n_00000000_n;0;544;1848;68;56;68;56;0.5;0.5
0362_000_mf_n_00000000_r;0;612;1848;68;56;68;56;0.5;0.5
0362_001_mf_n_00000000_n;0;680;1848;68;56;68;56;0.5;0.5
0362_001_mf_n_00000000_r;0;748;1848;68;56;68;56;0.5;0.5
0363_000_mf_n_00000000_n;0;816;1848;68;56;68;56;0.5;0.5
0363_000_mf_n_00000000_r;0;884;1848;68;56;68;56;0.5;0.5
0364_000_mf_n_00000000_n;0;952;1848;68;56;68;56;0.5;0.5
0364_000_mf_n_00000000_r;0;1020;1848;68;56;68;56;0.5;0.5
0365_000_mf_n_00000000_n;0;1088;1848;68;56;68;56;0.5;0.5
0365_000_mf_n_00000000_r;0;1156;1848;68;56;68;56;0.5;0.5
0366_000_mf_n_00000000_n;0;1224;1848;68;56;68;56;0.5;0.5
0366_000_mf_n_00000000_r;0;1292;1848;68;56;68;56;0.5;0.5
0367_000_mf_n_00000000_n;0;1360;1848;68;56;68;56;0.5;0.5
0367_000_mf_n_00000000_r;0;1428;1848;68;56;68;56;0.5;0.5
0368_000_mf_n_00000000_n;0;1496;1848;68;56;68;56;0.5;0.5
0368_000_mf_n_00000000_r;0;1564;1848;68;56;68;56;0.5;0.5
0369_000_mf_n_00000000_n;0;1632;1848;68;56;68;56;0.5;0.5
0369_000_mf_n_00000000_r;0;1700;1848;68;56;68;56;0.5;0.5
0370_000_mf_n_00000000_n;0;1768;1848;68;56;68;56;0.5;0.5
0370_000_mf_n_00000000_r;0;1836;1848;68;56;68;56;0.5;0.5
0371_000_mf_n_00000000_n;0;1904;1848;68;56;68;56;0.5;0.5
0371_000_mf_n_00000000_r;0;1972;1848;68;56;68;56;0.5;0.5
0372_000_mf_n_00000000_n;0;0;1904;68;56;68;56;0.5;0.5
0372_000_mf_n_00000000_r;0;68;1904;68;56;68;56;0.5;0.5
0373_000_mf_n_00000000_n;0;136;1904;68;56;68;56;0.5;0.5
0373_000_mf_n_00000000_r;0;204;1904;68;56;68;56;0.5;0.5
0373_001_mf_n_00000000_n;0;272;1904;68;56;68;56;0.5;0.5
0373_001_mf_n_00000000_r;0;340;1904;68;56;68;56;0.5;0.5
0374_000_mf_n_00000000_n;0;408;1904;68;56;68;56;0.5;0.5
0374_000_mf_n_00000000_r;0;476;1904;68;56;68;56;0.5;0.5
0375_000_mf_n_00000000_n;0;544;1904;68;56;68;56;0.5;0.5
0375_000_mf_n_00000000_r;0;612;1904;68;56;68;56;0.5;0.5
0376_000_mf_n_00000000_n;0;680;1904;68;56;68;56;0.5;0.5
0376_000_mf_n_00000000_r;0;748;1904;68;56;68;56;0.5;0.5
0376_001_mf_n_00000000_n;0;816;1904;68;56;68;56;0.5;0.5
0376_001_mf_n_00000000_r;0;884;1904;68;56;68;56;0.5;0.5
0377_000_mf_n_00000000_n;0;952;1904;68;56;68;56;0.5;0.5
0377_000_mf_n_00000000_r;0;1020;1904;68;56;68;56;0.5;0.5
0378_000_mf_n_00000000_n;0;1088;1904;68;56;68;56;0.5;0.5
0378_000_mf_n_00000000_r;0;1156;1904;68;56;68;56;0.5;0.5
0379_000_mf_n_00000000_n;0;1224;1904;68;56;68;56;0.5;0.5
0379_000_mf_n_00000000_r;0;1292;1904;68;56;68;56;0.5;0.5
0380_000_mf_n_00000000_n;0;1360;1904;68;56;68;56;0.5;0.5
0380_000_mf_n_00000000_r;0;1428;1904;68;56;68;56;0.5;0.5
0380_001_mf_n_00000000_n;0;1496;1904;68;56;68;56;0.5;0.5
0380_001_mf_n_00000000_r;0;1564;1904;68;56;68;56;0.5;0.5
0381_000_mf_n_00000000_n;0;1632;1904;68;56;68;56;0.5;0.5
0381_000_mf_n_00000000_r;0;1700;1904;68;56;68;56;0.5;0.5
0381_001_mf_n_00000000_n;0;1768;1904;68;56;68;56;0.5;0.5
0381_001_mf_n_00000000_r;0;1836;1904;68;56;68;56;0.5;0.5
0382_000_mf_n_00000000_n;0;1904;1904;68;56;68;56;0.5;0.5
0382_000_mf_n_00000000_r;0;1972;1904;68;56;68;56;0.5;0.5
0382_001_mf_n_00000000_n;0;0;1960;68;56;68;56;0.5;0.5
0382_001_mf_n_00000000_r;0;68;1960;68;56;68;56;0.5;0.5
0383_000_mf_n_00000000_n;0;136;1960;68;56;68;56;0.5;0.5
0383_000_mf_n_00000000_r;0;204;1960;68;56;68;56;0.5;0.5
0383_001_mf_n_00000000_n;0;272;1960;68;56;68;56;0.5;0.5
0383_001_mf_n_00000000_r;0;340;1960;68;56;68;56;0.5;0.5
0384_000_mf_n_00000000_n;0;408;1960;68;56;68;56;0.5;0.5
0384_000_mf_n_00000000_r;0;476;1960;68;56;68;56;0.5;0.5
0384_001_mf_n_00000000_n;0;544;1960;68;56;68;56;0.5;0.5
0384_001_mf_n_00000000_r;0;612;1960;68;56;68;56;0.5;0.5
0385_000_mf_n_00000000_n;0;680;1960;68;56;68;56;0.5;0.5
0385_000_mf_n_00000000_r;0;748;1960;68;56;68;56;0.5;0.5
0386_000_mf_n_00000000_n;0;816;1960;68;56;68;56;0.5;0.5
0386_000_mf_n_00000000_r;0;884;1960;68;56;68;56;0.5;0.5
0386_001_mf_n_00000000_n;0;952;1960;68;56;68;56;0.5;0.5
0386_001_mf_n_00000000_r;0;1020;1960;68;56;68;56;0.5;0.5
0386_002_mf_n_00000000_n;0;1088;1960;68;56;68;56;0.5;0.5
0386_002_mf_n_00000000_r;0;1156;1960;68;56;68;56;0.5;0.5
0386_003_mf_n_00000000_n;0;1224;1960;68;56;68;56;0.5;0.5
0386_003_mf_n_00000000_r;0;1292;1960;68;56;68;56;0.5;0.5
0387_000_mf_n_00000000_n;0;1360;1960;68;56;68;56;0.5;0.5
0387_000_mf_n_00000000_r;0;1428;1960;68;56;68;56;0.5;0.5
0388_000_mf_n_00000000_n;0;1496;1960;68;56;68;56;0.5;0.5
0388_000_mf_n_00000000_r;0;1564;1960;68;56;68;56;0.5;0.5
0389_000_mf_n_00000000_n;0;1632;1960;68;56;68;56;0.5;0.5
0389_000_mf_n_00000000_r;0;1700;1960;68;56;68;56;0.5;0.5
0390_000_mf_n_00000000_n;0;1768;1960;68;56;68;56;0.5;0.5
0390_000_mf_n_00000000_r;0;1836;1960;68;56;68;56;0.5;0.5
0391_000_mf_n_00000000_n;0;1904;1960;68;56;68;56;0.5;0.5
0391_000_mf_n_00000000_r;0;1972;1960;68;56;68;56;0.5;0.5