#
# Sprite sheet data for MonoGame.
#
# To learn how to import these sprites into your MonoGame project visit:
# https://www.codeandweb.com/texturepacker/monogame
#
# Sprite sheet: pokemon-1.png (2040 x 2016)
# $TexturePacker:SmartUpdate:94bc6f04b37044b5e24469c21c7c93b2:5b4f9edba062707101f0f5596a9a1164:225e23eb94ab5bd2edbd612be0ba33c5$
#

0392_000_mf_n_00000000_n;0;0;0;68;56;68;56;0.5;0.5
0392_000_mf_n_00000000_r;0;68;0;68;56;68;56;0.5;0.5
0393_000_mf_n_00000000_n;0;136;0;68;56;68;56;0.5;0.5
0393_000_mf_n_00000000_r;0;204;0;68;56;68;56;0.5;0.5
0394_000_mf_n_00000000_n;0;272;0;68;56;68;56;0.5;0.5
0394_000_mf_n_00000000_r;0;340;0;68;56;68;56;0.5;0.5
0395_000_mf_n_00000000_n;0;408;0;68;56;68;56;0.5;0.5
0395_000_mf_n_00000000_r;0;476;0;68;56;68;56;0.5;0.5
0396_000_mf_n_00000000_n;0;544;0;68;56;68;56;0.5;0.5
0396_000_mf_n_00000000_r;0;612;0;68;56;68;56;0.5;0.5
0397_000_mf_n_00000000_n;0;680;0;68;56;68;56;0.5;0.5
0397_000_mf_n_00000000_r;0;748;0;68;56;68;56;0.5;0.5
0398_000_mf_n_00000000_n;0;816;0;68;56;68;56;0.5;0.5
0398_000_mf_n_00000000_r;0;884;0;68;56;68;56;0.5;0.5
0399_000_mf_n_00000000_n;0;952;0;68;56;68;56;0.5;0.5
0399_000_mf_n_00000000_r;0;1020;0;68;56;68;56;0.5;0.5
0400_000_mf_n_00000000_n;0;1088;0;68;56;68;56;0.5;0.5
0400_000_mf_n_00000000_r;0;1156;0;68;56;68;56;0.5;0.5
0401_000_mf_n_00000000_n;0;1224;0;68;56;68;56;0.5;0.5
0401_000_mf_n_00000000_r;0;1292;0;68;56;68;56;0.5;0.5
0402_000_mf_n_00000000_n;0;1360;0;68;56;68;56;0.5;0.5
0402_000_mf_n_00000000_r;0;1428;0;68;56;68;56;0.5;0.5
0403_000_mf_n_00000000_n;0;1496;0;68;56;68;56;0.5;0.5
0403_000_mf_n_00000000_r;0;1564;0;68;56;68;56;0.5;0.5
0404_000_mf_n_00000000_n;0;1632;0;68;56;68;56;0.5;0.5
0404_000_mf_n_00000000_r;0;1700;0;68;56;68;56;0.5;0.5
0405_000_mf_n_00000000_n;0;1768;0;68;56;68;56;0.5;0.5
0405_000_mf_n_00000000_r;0;1836;0;68;56;68;56;0.5;0.5
0406_000_mf_n_00000000_n;0;1904;0;68;56;68;56;0.5;0.5
0406_000_mf_n_00000000_r;0;1972;0;68;56;68;56;0.5;0.5
0407_000_mf_n_00000000_n;0;0;56;68;56;68;56;0.5;0.5
0407_000_mf_n_00000000_r;0;68;56;68;56;68;56;0.5;0.5
0408_000_mf_n_00000000_n;0;136;56;68;56;68;56;0.5;0.5
0408_000_mf_n_00000000_r;0;204;56;68;56;68;56;0.5;0.5
0409_000_mf_n_00000000_n;0;272;56;68;56;68;56;0.5;0.5
0409_000_mf_n_00000000_r;0;340;56;68;56;68;56;0.5;0.5
0410_000_mf_n_00000000_n;0;408;56;68;56;68;56;0.5;0.5
0410_000_mf_n_00000000_r;0;476;56;68;56;68;56;0.5;0.5
0411_000_mf_n_00000000_n;0;544;56;68;56;68;56;0.5;0.5
0411_000_mf_n_00000000_r;0;612;56;68;56;68;56;0.5;0.5
0412_000_mf_n_00000000_n;0;680;56;68;56;68;56;0.5;0.5
0412_000_mf_n_00000000_r;0;748;56;68;56;68;56;0.5;0.5
0412_001_mf_n_00000000_n;0;816;56;68;56;68;56;0.5;0.5
0412_001_mf_n_00000000_r;0;884;56;68;56;68;56;0.5;0.5
0412_002_mf_n_00000000_n;0;952;56;68;56;68;56;0.5;0.5
0412_002_mf_n_00000000_r;0;1020;56;68;56;68;56;0.5;0.5
0413_000_mf_n_00000000_n;0;1088;56;68;56;68;56;0.5;0.5
0413_000_mf_n_00000000_r;0;1156;56;68;56;68;56;0.5;0.5
0413_001_mf_n_00000000_n;0;1224;56;68;56;68;56;0.5;0.5
0413_001_mf_n_00000000_r;0;1292;56;68;56;68;56;0.5;0.5
0413_002_mf_n_00000000_n;0;1360;56;68;56;68;56;0.5;0.5
0413_002_mf_n_00000000_r;0;1428;56;68;56;68;56;0.5;0.5
0414_000_mf_n_00000000_n;0;1496;56;68;56;68;56;0.5;0.5
0414_000_mf_n_00000000_r;0;1564;56;68;56;68;56;0.5;0.5
0415_000_mf_n_00000000_n;0;1632;56;68;56;68;56;0.5;0.5
0415_000_mf_n_00000000_r;0;1700;56;68;56;68;56;0.5;0.5
0416_000_mf_n_00000000_n;0;1768;56;68;56;68;56;0.5;0.5
0416_000_mf_n_00000000_r;0;1836;56;68;56;68;56;0.5;0.5
0417_000_mf_n_00000000_n;0;1904;56;68;56;68;56;0.5;0.5
0417_000_mf_n_00000000_r;0;1972;56;68;56;68;56;0.5;0.5
0418_000_mf_n_00000000_n;0;0;112;68;56;68;56;0.5;0.5
0418_000_mf_n_00000000_r;0;68;112;68;56;68;56;0.5;0.5
0419_000_mf_n_00000000_n;0;136;112;68;56;68;56;0.5;0.5
0419_000_mf_n_00000000_r;0;204;112;68;56;68;56;0.5;0.5
0420_000_mf_n_00000000_n;0;272;112;68;56;68;56;0.5;0.5
0420_000_mf_n_00000000_r;0;340;112;68;56;68;56;0.5;0.5
0421_000_mf_n_00000000_n;0;408;112;68;56;68;56;0.5;0.5
0421_000_mf_n_00000000_r;0;476;112;68;56;68;56;0.5;0.5
0421_001_mf_n_00000000_n;0;544;112;68;56;68;56;0.5;0.5
0421_001_mf_n_00000000_r;0;612;112;68;56;68;56;0.5;0.5
0422_000_mf_n_00000000_n;0;680;112;68;56;68;56;0.5;0.5
0422_000_mf_n_00000000_r;0;748;112;68;56;68;56;0.5;0.5
0422_001_mf_n_00000000_n;0;816;112;68;56;68;56;0.5;0.5
0422_001_mf_n_00000000_r;0;884;112;68;56;68;56;0.5;0.5
0423_000_mf_n_00000000_n;0;952;112;68;56;68;56;0.5;0.5
0423_000_mf_n_00000000_r;0;1020;112;68;56;68;56;0.5;0.5
0423_001_mf_n_00000000_n;0;1088;112;68;56;68;56;0.5;0.5
0423_001_mf_n_00000000_r;0;1156;112;68;56;68;56;0.5;0.5
0424_000_mf_n_00000000_n;0;1224;112;68;56;68;56;0.5;0.5
0424_000_mf_n_00000000_r;0;1292;112;68;56;68;56;0.5;0.5
0425_000_mf_n_00000000_n;0;1360;112;68;56;68;56;0.5;0.5
0425_000_mf_n_00000000_r;0;1428;112;68;56;68;56;0.5;0.5
0426_000_mf_n_00000000_n;0;1496;112;68;56;68;56;0.5;0.5
0426_000_mf_n_00000000_r;0;1564;112;68;56;68;56;0.5;0.5
0427_000_mf_n_00000000_n;0;1632;112;68;56;68;56;0.5;0.5
0427_000_mf_n_00000000_r;0;1700;112;68;56;68;56;0.5;0.5
0428_000_mf_n_00000000_n;0;1768;112;68;56;68;56;0.5;0.5
0428_000_mf_n_00000000_r;0;1836;112;68;56;68;56;0.5;0.5
0428_001_mf_n_00000000_n;0;1904;112;68;56;68;56;0.5;0.5
0428_001_mf_n_00000000_r;0;1972;112;68;56;68;56;0.5;0.5
0429_000_mf_n_00000000_n;0;0;168;68;56;68;56;0.5;0.5
0429_000_mf_n_00000000_r;0;68;168;68;56;68;56;0.5;0.5
0430_000_mf_n_00000000_n;0;136;168;68;56;68;56;0.5;0.5
0430_000_mf_n_00000000_r;0;204;168;68;56;68;56;0.5;0.5
0431_000_mf_n_00000000_n;0;272;168;68;56;68;56;0.5;0.5
0431_000_mf_n_00000000_r;0;340;168;68;56;68;56;0.5;0.5
0432_000_mf_n_00000000_n;0;408;168;68;56;68;56;0.5;0.5
0432_000_mf_n_00000000_r;0;476;168;68;56;68;56;0.5;0.5
0433_000_mf_n_00000000_n;0;544;168;68;56;68;56;0.5;0.5
0433_000_mf_n_00000000_r;0;612;168;68;56;68;56;0.5;0.5
0434_000_mf_n_00000000_n;0;680;168;68;56;68;56;0.5;0.5
0434_000_mf_n_00000000_r;0;748;168;68;56;68;56;0.5;0.5
0435_000_mf_n_00000000_n;0;816;168;68;56;68;56;0.5;0.5
0435_000_mf_n_00000000_r;0;884;168;68;56;68;56;0.5;0.5
0436_000_mf_n_00000000_n;0;952;168;68;56;68;56;0.5;0.5
0436_000_mf_n_00000000_r;0;1020;168;68;56;68;56;0.5;0.5
0437_000_mf_n_00000000_n;0;1088;168;68;56;68;56;0.5;0.5
0437_000_mf_n_00000000_r;0;1156;168;68;56;68;56;0.5;0.5
0438_000_mf_n_00000000_n;0;1224;168;68;56;68;56;0.5;0.5
0438_000_mf_n_00000000_r;0;1292;168;68;56;68;56;0.5;0.5
0439_000_mf_n_00000000_n;0;1360;168;68;56;68;56;0.5;0.5
0439_000_mf_n_00000000_r;0;1428;168;68;56;68;56;0.5;0.5
0440_000_mf_n_00000000_n;0;1496;168;68;56;68;56;0.5;0.5
0440_000_mf_n_00000000_r;0;1564;168;68;56;68;56;0.5;0.5
0441_000_mf_n_00000000_n;0;1632;168;68;56;68;56;0.5;0.5
0441_000_mf_n_00000000_r;0;1700;168;68;56;68;56;0.5;0.5
0442_000_mf_n_00000000_n;0;1768;168;68;56;68;56;0.5;0.5
0442_000_mf_n_00000000_r;0;1836;168;68;56;68;56;0.5;0.5
0443_000_mf_n_00000000_n;0;1904;168;68;56;68;56;0.5;0.5
0443_000_mf_n_00000000_r;0;1972;168;68;56;68;56;0.5;0.5
0444_000_mf_n_00000000_n;0;0;224;68;56;68;56;0.5;0.5
0444_000_mf_n_00000000_r;0;68;224;68;56;68;56;0.5;0.5
0445_000_mf_n_00000000_n;0;136;224;68;56;68;56;0.5;0.5
0445_000_mf_n_00000000_r;0;204;224;68;56;68;56;0.5;0.5
0445_001_mf_n_00000000_n;0;272;224;68;56;68;56;0.5;0.5
0445_001_mf_n_00000000_r;0;340;224;68;56;68;56;0.5;0.5
0446_000_mf_n_00000000_n;0;408;224;68;56;68;56;0.5;0.5
0446_000_mf_n_00000000_r;0;476;224;68;56;68;56;0.5;0.5
0447_000_mf_n_00000000_n;0;544;224;68;56;68;56;0.5;0.5
0447_000_mf_n_00000000_r;0;612;224;68;56;68;56;0.5;0.5
0448_000_mf_n_00000000_n;0;680;224;68;56;68;56;0.5;0.5
0448_000_mf_n_00000000_r;0;748;224;68;56;68;56;0.5;0.5
0448_001_mf_n_00000000_n;0;816;224;68;56;68;56;0.5;0.5
0448_001_mf_n_00000000_r;0;884;224;68;56;68;56;0.5;0.5
0449_000_fo_n_00000000_n;0;952;224;68;56;68;56;0.5;0.5
0449_000_fo_n_00000000_r;0;1020;224;68;56;68;56;0.5;0.5
0449_000_mf_n_00000000_n;0;1088;224;68;56;68;56;0.5;0.5
0449_000_mf_n_00000000_r;0;1156;224;68;56;68;56;0.5;0.5
0450_000_fo_n_00000000_n;0;1224;224;68;56;68;56;0.5;0.5
0450_000_fo_n_00000000_r;0;1292;224;68;56;68;56;0.5;0.5
0450_000_mf_n_00000000_n;0;1360;224;68;56;68;56;0.5;0.5
0450_000_mf_n_00000000_r;0;1428;224;68;56;68;56;0.5;0.5
0451_000_mf_n_00000000_n;0;1496;224;68;56;68;56;0.5;0.5
0451_000_mf_n_00000000_r;0;1564;224;68;56;68;56;0.5;0.5
0452_000_mf_n_00000000_n;0;1632;224;68;56;68;56;0.5;0.5
0452_000_mf_n_00000000_r;0;1700;224;68;56;68;56;0.5;0.5
0453_000_mf_n_00000000_n;0;1768;224;68;56;68;56;0.5;0.5
0453_000_mf_n_00000000_r;0;1836;224;68;56;68;56;0.5;0.5
0454_000_mf_n_00000000_n;0;1904;224;68;56;68;56;0.5;0.5
0454_000_mf_n_00000000_r;0;1972;224;68;56;68;56;0.5;0.5
0455_000_mf_n_00000000_n;0;0;280;68;56;68;56;0.5;0.5
0455_000_mf_n_00000000_r;0;68;280;68;56;68;56;0.5;0.5
0456_000_mf_n_00000000_n;0;136;280;68;56;68;56;0.5;0.5
0456_000_mf_n_00000000_r;0;204;280;68;56;68;56;0.5;0.5
0457_000_mf_n_00000000_n;0;272;280;68;56;68;56;0.5;0.5
0457_000_mf_n_00000000_r;0;340;280;68;56;68;56;0.5;0.5
0458_000_mf_n_00000000_n;0;408;280;68;56;68;56;0.5;0.5
0458_000_mf_n_00000000_r;0;476;280;68;56;68;56;0.5;0.5
0459_000_mf_n_00000000_n;0;544;280;68;56;68;56;0.5;0.5
0459_000_mf_n_00000000_r;0;612;280;68;56;68;56;0.5;0.5
0460_000_mf_n_00000000_n;0;680;280;68;56;68;56;0.5;0.5
0460_000_mf_n_00000000_r;0;748;280;68;56;68;56;0.5;0.5
0460_001_mf_n_00000000_n;0;816;280;68;56;68;56;0.5;0.5
0460_001_mf_n_00000000_r;0;884;280;68;56;68;56;0.5;0.5
0461_000_mf_n_00000000_n;0;952;280;68;56;68;56;0.5;0.5
0461_000_mf_n_00000000_r;0;1020;280;68;56;68;56;0.5;0.5
0462_000_mf_n_00000000_n;0;1088;280;68;56;68;56;0.5;0.5
0462_000_mf_n_00000000_r;0;1156;280;68;56;68;56;0.5;0.5
0463_000_mf_n_00000000_n;0;1224;280;68;56;68;56;0.5;0.5
0463_000_mf_n_00000000_r;0;1292;280;68;56;68;56;0.5;0.5
0464_000_mf_n_00000000_n;0;1360;280;68;56;68;56;0.5;0.5
0464_000_mf_n_00000000_r;0;1428;280;68;56;68;56;0.5;0.5
0465_000_mf_n_00000000_n;0;1496;280;68;56;68;56;0.5;0.5
0465_000_mf_n_00000000_r;0;1564;280;68;56;68;56;0.5;0.5
0466_000_mf_n_00000000_n;0;1632;280;68;56;68;56;0.5;0.5
0466_000_mf_n_00000000_r;0;1700;280;68;56;68;56;0.5;0.5
0467_000_mf_n_00000000_n;0;1768;280;68;56;68;56;0.5;0.5
0467_000_mf_n_00000000_r;0;1836;280;68;56;68;56;0.5;0.5
0468_000_mf_n_00000000_n;0;1904;280;68;56;68;56;0.5;0.5
0468_000_mf_n_00000000_r;0;1972;280;68;56;68;56;0.5;0.5
0469_000_mf_n_00000000_n;0;0;336;68;56;68;56;0.5;0.5
0469_000_mf_n_00000000_r;0;68;336;68;56;68;56;0.5;0.5
0470_000_mf_n_00000000_n;0;136;336;68;56;68;56;0.5;0.5
0470_000_mf_n_00000000_r;0;204;336;68;56;68;56;0.5;0.5
0471_000_mf_n_00000000_n;0;272;336;68;56;68;56;0.5;0.5
0471_000_mf_n_00000000_r;0;340;336;68;56;68;56;0.5;0.5
0472_000_mf_n_00000000_n;0;408;336;68;56;68;56;0.5;0.5
0472_000_mf_n_00000000_r;0;476;336;68;56;68;56;0.5;0.5
0473_000_mf_n_00000000_n;0;544;336;68;56;68;56;0.5;0.5
0473_000_mf_n_00000000_r;0;612;336;68;56;68;56;0.5;0.5
0474_000_mf_n_00000000_n;0;680;336;68;56;68;56;0.5;0.5
0474_000_mf_n_00000000_r;0;748;336;68;56;68;56;0.5;0.5
0475_000_mf_n_00000000_n;0;816;336;68;56;68;56;0.5;0.5
0475_000_mf_n_00000000_r;0;884;336;68;56;68;56;0.5;0.5
0475_001_mf_n_00000000_n;0;952;336;68;56;68;56;0.5;0.5
0475_001_mf_n_00000000_r;0;1020;336;68;56;68;56;0.5;0.5
0476_000_mf_n_00000000_n;0;1088;336;68;56;68;56;0.5;0.5
0476_000_mf_n_00000000_r;0;1156;336;68;56;68;56;0.5;0.5
0477_000_mf_n_00000000_n;0;1224;336;68;56;68;56;0.5;0.5
0477_000_mf_n_00000000_r;0;1292;336;68;56;68;56;0.5;0.5
0478_000_mf_n_00000000_n;0;1360;336;68;56;68;56;0.5;0.5
0478_000_mf_n_00000000_r;0;1428;336;68;56;68;56;0.5;0.5
0479_000_mf_n_00000000_n;0;1496;336;68;56;68;56;0.5;0.5
0479_000_mf_n_00000000_r;0;1564;336;68;56;68;56;0.5;0.5
0479_001_mf_n_00000000_n;0;1632;336;68;56;68;56;0.5;0.5
0479_001_mf_n_00000000_r;0;1700;336;68;56;68;56;0.5;0.5
0479_002_mf_n_00000000_n;0;1768;336;68;56;68;56;0.5;0.5
0479_002_mf_n_00000000_r;0;1836;336;68;56;68;56;0.5;0.5
0479_003_mf_n_00000000_n;0;1904;336;68;56;68;56;0.5;0.5
0479_003_mf_n_00000000_r;0;1972;336;68;56;68;56;0.5;0.5
0479_004_mf_n_00000000_n;0;0;392;68;56;68;56;0.5;0.5
0479_004_mf_n_00000000_r;0;68;392;68;56;68;56;0.5;0.5
0479_005_mf_n_00000000_n;0;136;392;68;56;68;56;0.5;0.5
0479_005_mf_n_00000000_r;0;204;392;68;56;68;56;0.5;0.5
0480_000_mf_n_00000000_n;0;272;392;68;56;68;56;0.5;0.5
0480_000_mf_n_00000000_r;0;340;392;68;56;68;56;0.5;0.5
0481_000_mf_n_00000000_n;0;408;392;68;56;68;56;0.5;0.5
0481_000_mf_n_00000000_r;0;476;392;68;56;68;56;0.5;0.5
0482_000_mf_n_00000000_n;0;544;392;68;56;68;56;0.5;0.5
0482_000_mf_n_00000000_r;0;612;392;68;56;68;56;0.5;0.5
0483_000_mf_n_00000000_n;0;680;392;68;56;68;56;0.5;0.5
0483_000_mf_n_00000000_r;0;748;392;68;56;68;56;0.5;0.5
0483_001_mf_n_00000000_n;0;816;392;68;56;68;56;0.5;0.5
0483_001_mf_n_00000000_r;0;884;392;68;56;68;56;0.5;0.5
0484_000_mf_n_00000000_n;0;952;392;68;56;68;56;0.5;0.5
0484_000_mf_n_00000000_r;0;1020;392;68;56;68;56;0.5;0.5
0484_001_mf_n_00000000_n;0;1088;392;68;56;68;56;0.5;0.5
0484_001_mf_n_00000000_r;0;1156;392;68;56;68;56;0.5;0.5
0485_000_mf_n_00000000_n;0;1224;392;68;56;68;56;0.5;0.5
0485_000_mf_n_00000000_r;0;1292;392;68;56;68;56;0.5;0.5
0486_000_mf_n_00000000_n;0;1360;392;68;56;68;56;0.5;0.5
0486_000_mf_n_00000000_r;0;1428;392;68;56;68;56;0.5;0.5
0487_000_mf_n_00000000_n;0;1496;392;68;56;68;56;0.5;0.5
0487_000_mf_n_00000000_r;0;1564;392;68;56;68;56;0.5;0.5
0487_001_mf_n_00000000_n;0;1632;392;68;56;68;56;0.5;0.5
0487_001_mf_n_00000000_r;0;1700;392;68;56;68;56;0.5;0.5
0487_002_mf_n_00000000_n;0;1768;392;68;56;68;56;0.5;0.5
0487_002_mf_n_00000000_r;0;1836;392;68;56;68;56;0.5;0.5
0488_000_mf_n_00000000_n;0;1904;392;68;56;68;56;0.5;0.5
0488_000_mf_n_00000000_r;0;1972;392;68;56;68;56;0.5;0.5
0489_000_mf_n_00000000_n;0;0;448;68;56;68;56;0.5;0.5
0489_000_mf_n_00000000_r;0;68;448;68;56;68;56;0.5;0.5
0490_000_mf_n_00000000_n;0;136;448;68;56;68;56;0.5;0.5
0490_000_mf_n_00000000_r;0;204;448;68;56;68;56;0.5;0.5
0491_000_mf_n_00000000_n;0;272;448;68;56;68;56;0.5;0.5
0491_000_mf_n_00000000_r;0;340;448;68;56;68;56;0.5;0.5
0492_000_mf_n_00000000_n;0;408;448;68;56;68;56;0.5;0.5
0492_000_mf_n_00000000_r;0;476;448;68;56;68;56;0.5;0.5
0492_001_mf_n_00000000_n;0;544;448;68;56;68;56;0.5;0.5
0492_001_mf_n_00000000_r;0;612;448;68;56;68;56;0.5;0.5
0493_000_mf_n_00000000_n;0;680;448;68;56;68;56;0.5;0.5
0493_000_mf_n_00000000_r;0;748;448;68;56;68;56;0.5;0.5
0493_001_mf_n_00000000_n;0;816;448;68;56;68;56;0.5;0.5
0493_001_mf_n_00000000_r;0;884;448;68;56;68;56;0.5;0.5
0493_002_mf_n_00000000_n;0;952;448;68;56;68;56;0.5;0.5
0493_002_mf_n_00000000_r;0;1020;448;68;56;68;56;0.5;0.5
0493_003_mf_n_00000000_n;0;1088;448;68;56;68;56;0.5;0.5
0493_003_mf_n_00000000_r;0;1156;448;68;56;68;56;0.5;0.5
0493_004_mf_n_00000000_n;0;1224;448;68;56;68;56;0.5;0.5
0493_004_mf_n_00000000_r;0;1292;448;68;56;68;56;0.5;0.5
0493_005_mf_n_00000000_n;0;1360;448;68;56;68;56;0.5;0.5
0493_005_mf_n_00000000_r;0;1428;448;68;56;68;56;0.5;0.5
0493_006_mf_n_00000000_n;0;1496;448;68;56;68;56;0.5;0.5
0493_006_mf_n_00000000_r;0;1564;448;68;56;68;56;0.5;0.5
0493_007_mf_n_00000000_n;0;1632;448;68;56;68;56;0.5;0.5
0493_007_mf_n_00000000_r;0;1700;448;68;56;68;56;0.5;0.5
0493_008_mf_n_00000000_n;0;1768;448;68;56;68;56;0.5;0.5
0493_008_mf_n_00000000_r;0;1836;448;68;56;68;56;0.5;0.5
0493_009_mf_n_00000000_n;0;1904;448;68;56;68;56;0.5;0.5
0493_009_mf_n_00000000_r;0;1972;448;68;56;68;56;0.5;0.5
0493_010_mf_n_00000000_n;0;0;504;68;56;68;56;0.5;0.5
0493_010_mf_n_00000000_r;0;68;504;68;56;68;56;0.5;0.5
0493_011_mf_n_00000000_n;0;136;504;68;56;68;56;0.5;0.5
0493_011_mf_n_00000000_r;0;204;504;68;56;68;56;0.5;0.5
0493_012_mf_n_00000000_n;0;272;504;68;56;68;56;0.5;0.5
0493_012_mf_n_00000000_r;0;340;504;68;56;68;56;0.5;0.5
0493_013_mf_n_00000000_n;0;408;504;68;56;68;56;0.5;0.5
0493_013_mf_n_00000000_r;0;476;504;68;56;68;56;0.5;0.5
0493_014_mf_n_00000000_n;0;544;504;68;56;68;56;0.5;0.5
0493_014_mf_n_00000000_r;0;612;504;68;56;68;56;0.5;0.5
0493_015_mf_n_00000000_n;0;680;504;68;56;68;56;0.5;0.5
0493_015_mf_n_00000000_r;0;748;504;68;56;68;56;0.5;0.5
0493_016_mf_n_00000000_n;0;816;504;68;56;68;56;0.5;0.5
0493_016_mf_n_00000000_r;0;884;504;68;56;68;56;0.5;0.5
0493_017_mf_n_00000000_n;0;952;504;68;56;68;56;0.5;0.5
0493_017_mf_n_00000000_r;0;1020;504;68;56;68;56;0.5;0.5
0494_000_mf_n_00000000_n;0;1088;504;68;56;68;56;0.5;0.5
0494_000_mf_n_00000000_r;0;1156;504;68;56;68;56;0.5;0.5
0495_000_mf_n_00000000_n;0;1224;504;68;56;68;56;0.5;0.5
0495_000_mf_n_00000000_r;0;1292;504;68;56;68;56;0.5;0.5
0496_000_mf_n_00000000_n;0;1360;504;68;56;68;56;0.5;0.5
0496_000_mf_n_00000000_r;0;1428;504;68;56;68;56;0.5;0.5
0497_000_mf_n_00000000_n;0;1496;504;68;56;68;56;0.5;0.5
0497_000_mf_n_00000000_r;0;1564;504;68;56;68;56;0.5;0.5
0498_000_mf_n_00000000_n;0;1632;504;68;56;68;56;0.5;0.5
0498_000_mf_n_00000000_r;0;1700;504;68;56;68;56;0.5;0.5
0499_000_mf_n_00000000_n;0;1768;504;68;56;68;56;0.5;0.5
0499_000_mf_n_00000000_r;0;1836;504;68;56;68;56;0.5;0.5
0500_000_mf_n_00000000_n;0;1904;504;68;56;68;56;0.5;0.5
0500_000_mf_n_00000000_r;0;1972;504;68;56;68;56;0.5;0.5
0501_000_mf_n_00000000_n;0;0;560;68;56;68;56;0.5;0.5
0501_000_mf_n_00000000_r;0;68;560;68;56;68;56;0.5;0.5
0502_000_mf_n_00000000_n;0;136;560;68;56;68;56;0.5;0.5
0502_000_mf_n_00000000_r;0;204;560;68;56;68;56;0.5;0.5
0503_000_mf_n_00000000_n;0;272;560;68;56;68;56;0.5;0.5
0503_000_mf_n_00000000_r;0;340;560;68;56;68;56;0.5;0.5
0503_001_mf_n_00000000_n;0;408;560;68;56;68;56;0.5;0.5
0503_001_mf_n_00000000_r;0;476;560;68;56;68;56;0.5;0.5
0504_000_mf_n_00000000_n;0;544;560;68;56;68;56;0.5;0.5
0504_000_mf_n_00000000_r;0;612;560;68;56;68;56;0.5;0.5
0505_000_mf_n_00000000_n;0;680;560;68;56;68;56;0.5;0.5
0505_000_mf_n_00000000_r;0;748;560;68;56;68;56;0.5;0.5
0506_000_mf_n_00000000_n;0;816;560;68;56;68;56;0.5;0.5
0506_000_mf_n_00000000_r;0;884;560;68;56;68;56;0.5;0.5
0507_000_mf_n_00000000_n;0;952;560;68;56;68;56;0.5;0.5
0507_000_mf_n_00000000_r;0;1020;560;68;56;68;56;0.5;0.5
0508_000_mf_n_00000000_n;0;1088;560;68;56;68;56;0.5;0.5
0508_000_mf_n_00000000_r;0;1156;560;68;56;68;56;0.5;0.5
0509_000_mf_n_00000000_n;0;1224;560;68;56;68;56;0.5;0.5
0509_000_mf_n_00000000_r;0;1292;560;68;56;68;56;0.5;0.5
0510_000_mf_n_00000000_n;0;1360;560;68;56;68;56;0.5;0.5
0510_000_mf_n_00000000_r;0;1428;560;68;56;68;56;0.5;0.5
0511_000_mf_n_00000000_n;0;1496;560;68;56;68;56;0.5;0.5
0511_000_mf_n_00000000_r;0;1564;560;68;56;68;56;0.5;0.5
0512_000_mf_n_00000000_n;0;1632;560;68;56;68;56;0.5;0.5
0512_000_mf_n_00000000_r;0;1700;560;68;56;68;56;0.5;0.5
0513_000_mf_n_00000000_n;0;1768;560;68;56;68;56;0.5;0.5
0513_000_mf_n_00000000_r;0;1836;560;68;56;68;56;0.5;0.5
0514_000_mf_n_00000000_n;0;1904;560;68;56;68;56;0.5;0.5
0514_000_mf_n_00000000_r;0;1972;560;68;56;68;56;0.5;0.5
0515_000_mf_n_00000000_n;0;0;616;68;56;68;56;0.5;0.5
0515_000_mf_n_00000000_r;0;68;616;68;56;68;56;0.5;0.5
0516_000_mf_n_00000000_n;0;136;616;68;56;68;56;0.5;0.5
0516_000_mf_n_00000000_r;0;204;616;68;56;68;56;0.5;0.5
0517_000_mf_n_00000000_n;0;272;616;68;56;68;56;0.5;0.5
0517_000_mf_n_00000000_r;0;340;616;68;56;68;56;0.5;0.5
0518_000_mf_n_00000000_n;0;408;616;68;56;68;56;0.5;0.5
0518_000_mf_n_00000000_r;0;476;616;68;56;68;56;0.5;0.5
0519_000_mf_n_00000000_n;0;544;616;68;56;68;56;0.5;0.5
0519_000_mf_n_00000000_r;0;612;616;68;56;68;56;0.5;0.5
0520_000_mf_n_00000000_n;0;680;616;68;56;68;56;0.5;0.5
0520_000_mf_n_00000000_r;0;748;616;68;56;68;56;0.5;0.5
0521_000_fo_n_00000000_n;0;816;616;68;56;68;56;0.5;0.5
0521_000_fo_n_00000000_r;0;884;616;68;56;68;56;0.5;0.5
0521_000_mf_n_00000000_n;0;952;616;68;56;68;56;0.5;0.5
0521_000_mf_n_00000000_r;0;1020;616;68;56;68;56;0.5;0.5
0522_000_mf_n_00000000_n;0;1088;616;68;56;68;56;0.5;0.5
0522_000_mf_n_00000000_r;0;1156;616;68;56;68;56;0.5;0.5
0523_000_mf_n_00000000_n;0;1224;616;68;56;68;56;0.5;0.5
0523_000_mf_n_00000000_r;0;1292;616;68;56;68;56;0.5;0.5
0524_000_mf_n_00000000_n;0;1360;616;68;56;68;56;0.5;0.5
0524_000_mf_n_00000000_r;0;1428;616;68;56;68;56;0.5;0.5
0525_000_mf_n_00000000_n;0;1496;616;68;56;68;56;0.5;0.5
0525_000_mf_n_00000000_r;0;1564;616;68;56;68;56;0.5;0.5
0526_000_mf_n_00000000_n;0;1632;616;68;56;68;56;0.5;0.5
0526_000_mf_n_00000000_r;0;1700;616;68;56;68;56;0.5;0.5
0527_000_mf_n_00000000_n;0;1768;616;68;56;68;56;0.5;0.5
0527_000_mf_n_00000000_r;0;1836;616;68;56;68;56;0.5;0.5
0528_000_mf_n_00000000_n;0;1904;616;68;56;68;56;0.5;0.5
0528_000_mf_n_00000000_r;0;1972;616;68;56;68;56;0.5;0.5
0529_000_mf_n_00000000_n;0;0;672;68;56;68;56;0.5;0.5
0529_000_mf_n_00000000_r;0;68;672;68;56;68;56;0.5;0.5
0530_000_mf_n_00000000_n;0;136;672;68;56;68;56;0.5;0.5
0530_000_mf_n_00000000_r;0;204;672;68;56;68;56;0.5;0.5
0531_000_mf_n_00000000_n;0;272;672;68;56;68;56;0.5;0.5
0531_000_mf_n_00000000_r;0;340;672;68;56;68;56;0.5;0.5
0531_001_mf_n_00000000_n;0;408;672;68;56;68;56;0.5;0.5
0531_001_mf_n_00000000_r;0;476;672;68;56;68;56;0.5;0.5
0532_000_mf_n_00000000_n;0;544;672;68;56;68;56;0.5;0.5
0532_000_mf_n_00000000_r;0;612;672;68;56;68;56;0.5;0.5
0533_000_mf_n_00000000_n;0;680;672;68;56;68;56;0.5;0.5
0533_000_mf_n_00000000_r;0;748;672;68;56;68;56;0.5;0.5
0534_000_mf_n_00000000_n;0;816;672;68;56;68;56;0.5;0.5
0534_000_mf_n_00000000_r;0;884;672;68;56;68;56;0.5;0.5
0535_000_mf_n_00000000_n;0;952;672;68;56;68;56;0.5;0.5
0535_000_mf_n_00000000_r;0;1020;672;68;56;68;56;0.5;0.5
0536_000_mf_n_00000000_n;0;1088;672;68;56;68;56;0.5;0.5
0536_000_mf_n_00000000_r;0;1156;672;68;56;68;56;0.5;0.5
0537_000_mf_n_00000000_n;0;1224;672;68;56;68;56;0.5;0.5
0537_000_mf_n_00000000_r;0;1292;672;68;56;68;56;0.5;0.5
0538_000_mf_n_00000000_n;0;1360;672;68;56;68;56;0.5;0.5
0538_000_mf_n_00000000_r;0;1428;672;68;56;68;56;0.5;0.5
0539_000_mf_n_00000000_n;0;1496;672;68;56;68;56;0.5;0.5
0539_000_mf_n_00000000_r;0;1564;672;68;56;68;56;0.5;0.5
0540_000_mf_n_00000000_n;0;1632;672;68;56;68;56;0.5;0.5
0540_000_mf_n_00000000_r;0;1700;672;68;56;68;56;0.5;0.5
0541_000_mf_n_00000000_n;0;1768;672;68;56;68;56;0.5;0.5
0541_000_mf_n_00000000_r;0;1836;672;68;56;68;56;0.5;0.5
0542_000_mf_n_00000000_n;0;1904;672;68;56;68;56;0.5;0.5
0542_000_mf_n_00000000_r;0;1972;672;68;56;68;56;0.5;0.5
0543_000_mf_n_00000000_n;0;0;728;68;56;68;56;0.5;0.5
0543_000_mf_n_00000000_r;0;68;728;68;56;68;56;0.5;0.5
0544_000_mf_n_00000000_n;0;136;728;68;56;68;56;0.5;0.5
0544_000_mf_n_00000000_r;0;204;728;68;56;68;56;0.5;0.5
0545_000_mf_n_00000000_n;0;272;728;68;56;68;56;0.5;0.5
0545_000_mf_n_00000000_r;0;340;728;68;56;68;56;0.5;0.5
0546_000_mf_n_00000000_n;0;408;728;68;56;68;56;0.5;0.5
0546_000_mf_n_00000000_r;0;476;728;68;56;68;56;0.5;0.5
0547_000_mf_n_00000000_n;0;544;728;68;56;68;56;0.5;0.5
0547_000_mf_n_00000000_r;0;612;728;68;56;68;56;0.5;0.5
0548_000_mf_n_00000000_n;0;680;728;68;56;68;56;0.5;0.5
0548_000_mf_n_00000000_r;0;748;728;68;56;68;56;0.5;0.5
0549_000_mf_n_00000000_n;0;816;728;68;56;68;56;0.5;0.5
0549_000_mf_n_00000000_r;0;884;728;68;56;68;56;0.5;0.5
0549_001_mf_n_00000000_n;0;952;728;68;56;68;56;0.5;0.5
0549_001_mf_n_00000000_r;0;1020;728;68;56;68;56;0.5;0.5
0550_000_mf_n_00000000_n;0;1088;728;68;56;68;56;0.5;0.5
0550_000_mf_n_00000000_r;0;1156;728;68;56;68;56;0.5;0.5
0550_001_mf_n_00000000_n;0;1224;728;68;56;68;56;0.5;0.5
0550_001_mf_n_00000000_r;0;1292;728;68;56;68;56;0.5;0.5
0550_002_mf_n_00000000_n;0;1360;728;68;56;68;56;0.5;0.5
0550_002_mf_n_00000000_r;0;1428;728;68;56;68;56;0.5;0.5
0551_000_mf_n_00000000_n;0;1496;728;68;56;68;56;0.5;0.5
0551_000_mf_n_00000000_r;0;1564;728;68;56;68;56;0.5;0.5
0552_000_mf_n_00000000_n;0;1632;728;68;56;68;56;0.5;0.5
0552_000_mf_n_00000000_r;0;1700;728;68;56;68;56;0.5;0.5
0553_000_mf_n_00000000_n;0;1768;728;68;56;68;56;0.5;0.5
0553_000_mf_n_00000000_r;0;1836;728;68;56;68;56;0.5;0.5
0554_000_mf_n_00000000_n;0;1904;728;68;56;68;56;0.5;0.5
0554_000_mf_n_00000000_r;0;1972;728;68;56;68;56;0.5;0.5
0554_001_mf_n_00000000_n;0;0;784;68;56;68;56;0.5;0.5
0554_001_mf_n_00000000_r;0;68;784;68;56;68;56;0.5;0.5
0555_000_mf_n_00000000_n;0;136;784;68;56;68;56;0.5;0.5
0555_000_mf_n_00000000_r;0;204;784;68;56;68;56;0.5;0.5
0555_001_mf_n_00000000_n;0;272;784;68;56;68;56;0.5;0.5
0555_001_mf_n_00000000_r;0;340;784;68;56;68;56;0.5;0.5
0555_002_mf_n_00000000_n;0;408;784;68;56;68;56;0.5;0.5
0555_002_mf_n_00000000_r;0;476;784;68;56;68;56;0.5;0.5
0555_003_mf_n_00000000_n;0;544;784;68;56;68;56;0.5;0.5
0555_003_mf_n_00000000_r;0;612;784;68;56;68;56;0.5;0.5
0556_000_mf_n_00000000_n;0;680;784;68;56;68;56;0.5;0.5
0556_000_mf_n_00000000_r;0;748;784;68;56;68;56;0.5;0.5
0557_000_mf_n_00000000_n;0;816;784;68;56;68;56;0.5;0.5
0557_000_mf_n_00000000_r;0;884;784;68;56;68;56;0.5;0.5
0558_000_mf_n_00000000_n;0;952;784;68;56;68;56;0.5;0.5
0558_000_mf_n_00000000_r;0;1020;784;68;56;68;56;0.5;0.5
0559_000_mf_n_00000000_n;0;1088;784;68;56;68;56;0.5;0.5
0559_000_mf_n_00000000_r;0;1156;784;68;56;68;56;0.5;0.5
0560_000_mf_n_00000000_n;0;1224;784;68;56;68;56;0.5;0.5
0560_000_mf_n_00000000_r;0;1292;784;68;56;68;56;0.5;0.5
0561_000_mf_n_00000000_n;0;1360;784;68;56;68;56;0.5;0.5
0561_000_mf_n_00000000_r;0;1428;784;68;56;68;56;0.5;0.5
0562_000_mf_n_00000000_n;0;1496;784;68;56;68;56;0.5;0.5
0562_000_mf_n_00000000_r;0;1564;784;68;56;68;56;0.5;0.5
0562_001_mf_n_00000000_n;0;1632;784;68;56;68;56;0.5;0.5
0562_001_mf_n_00000000_r;0;1700;784;68;56;68;56;0.5;0.5
0563_000_mf_n_00000000_n;0;1768;784;68;56;68;56;0.5;0.5
0563_000_mf_n_00000000_r;0;1836;784;68;56;68;56;0.5;0.5
0564_000_mf_n_00000000_n;0;1904;784;68;56;68;56;0.5;0.5
0564_000_mf_n_00000000_r;0;1972;784;68;56;68;56;0.5;0.5
0565_000_mf_n_00000000_n;0;0;840;68;56;68;56;0.5;0.5
0565_000_mf_n_00000000_r;0;68;840;68;56;68;56;0.5;0.5
0566_000_mf_n_00000000_n;0;136;840;68;56;68;56;0.5;0.5
0566_000_mf_n_00000000_r;0;204;840;68;56;68;56;0.5;0.5
0567_000_mf_n_00000000_n;0;272;840;68;56;68;56;0.5;0.5
0567_000_mf_n_00000000_r;0;340;840;68;56;68;56;0.5;0.5
0568_000_mf_n_00000000_n;0;408;840;68;56;68;56;0.5;0.5
0568_000_mf_n_00000000_r;0;476;840;68;56;68;56;0.5;0.5
0569_000_mf_g_00000000_n;0;544;840;68;56;68;56;0.5;0.5
0569_000_mf_g_00000000_r;0;612;840;68;56;68;56;0.5;0.5
0569_000_mf_n_00000000_n;0;680;840;68;56;68;56;0.5;0.5
0569_000_mf_n_00000000_r;0;748;840;68;56;68;56;0.5;0.5
0570_000_mf_n_00000000_n;0;816;840;68;56;68;56;0.5;0.5
0570_000_mf_n_00000000_r;0;884;840;68;56;68;56;0.5;0.5
0570_001_mf_n_00000000_n;0;952;840;68;56;68;56;0.5;0.5
0570_001_mf_n_00000000_r;0;1020;840;68;56;68;56;0.5;0.5
0571_000_mf_n_00000000_n;0;1088;840;68;56;68;56;0.5;0.5
0571_000_mf_n_00000000_r;0;1156;840;68;56;68;56;0.5;0.5
0571_001_mf_n_00000000_n;0;1224;840;68;56;68;56;0.5;0.5
0571_001_mf_n_00000000_r;0;1292;840;68;56;68;56;0.5;0.5
0572_000_mf_n_00000000_n;0;1360;840;68;56;68;56;0.5;0.5
0572_000_mf_n_00000000_r;0;1428;840;68;56;68;56;0.5;0.5
0573_000_mf_n_00000000_n;0;1496;840;68;56;68;56;0.5;0.5
0573_000_mf_n_00000000_r;0;1564;840;68;56;68;56;0.5;0.5
0574_000_mf_n_00000000_n;0;1632;840;68;56;68;56;0.5;0.5
0574_000_mf_n_00000000_r;0;1700;840;68;56;68;56;0.5;0.5
0575_000_mf_n_00000000_n;0;1768;840;68;56;68;56;0.5;0.5
0575_000_mf_n_00000000_r;0;1836;840;68;56;68;56;0.5;0.5
0576_000_mf_n_00000000_n;0;1904;840;68;56;68;56;0.5;0.5
0576_000_mf_n_00000000_r;0;1972;840;68;56;68;56;0.5;0.5
0577_000_mf_n_00000000_n;0;0;896;68;56;68;56;0.5;0.5
0577_000_mf_n_00000000_r;0;68;896;68;56;68;56;0.5;0.5
0578_000_mf_n_00000000_n;0;136;896;68;56;68;56;0.5;0.5
0578_000_mf_n_00000000_r;0;204;896;68;56;68;56;0.5;0.5
0579_000_mf_n_00000000_n;0;272;896;68;56;68;56;0.5;0.5
0579_000_mf_n_00000000_r;0;340;896;68;56;68;56;0.5;0.5
0580_000_mf_n_00000000_n;0;408;896;68;56;68;56;0.5;0.5
0580_000_mf_n_00000000_r;0;476;896;68;56;68;56;0.5;0.5
0581_000_mf_n_00000000_n;0;544;896;68;56;68;56;0.5;0.5
0581_000_mf_n_00000000_r;0;612;896;68;56;68;56;0.5;0.5
0582_000_mf_n_00000000_n;0;680;896;68;56;68;56;0.5;0.5
0582_000_mf_n_00000000_r;0;748;896;68;56;68;56;0.5;0.5
0583_000_mf_n_00000000_n;0;816;896;68;56;68;56;0.5;0.5
0583_000_mf_n_00000000_r;0;884;896;68;56;68;56;0.5;0.5
0584_000_mf_n_00000000_n;0;952;896;68;56;68;56;0.5;0.5
0584_000_mf_n_00000000_r;0;1020;896;68;56;68;56;0.5;0.5
0585_000_mf_n_00000000_n;0;1088;896;68;56;68;56;0.5;0.5
0585_000_mf_n_00000000_r;0;1156;896;68;56;68;56;0.5;0.5
0585_001_mf_n_00000000_n;0;1224;896;68;56;68;56;0.5;0.5
0585_001_mf_n_00000000_r;0;1292;896;68;56;68;56;0.5;0.5
0585_002_mf_n_00000000_n;0;1360;896;68;56;68;56;0.5;0.5
0585_002_mf_n_00000000_r;0;1428;896;68;56;68;56;0.5;0.5
0585_003_mf_n_00000000_n;0;1496;896;68;56;68;56;0.5;0.5
0585_003_mf_n_00000000_r;0;1564;896;68;56;68;56;0.5;0.5
0586_000_mf_n_00000000_n;0;1632;896;68;56;68;56;0.5;0.5
0586_000_mf_n_00000000_r;0;1700;896;68;56;68;56;0.5;0.5
0586_001_mf_n_00000000_n;0;1768;896;68;56;68;56;0.5;0.5
0586_001_mf_n_00000000_r;0;1836;896;68;56;68;56;0.5;0.5
0586_002_mf_n_00000000_n;0;1904;896;68;56;68;56;0.5;0.5
0586_002_mf_n_00000000_r;0;1972;896;68;56;68;56;0.5;0.5
0586_003_mf_n_00000000_n;0;0;952;68;56;68;56;0.5;0.5
0586_003_mf_n_00000000_r;0;68;952;68;56;68;56;0.5;0.5
0587_000_mf_n_00000000_n;0;136;952;68;56;68;56;0.5;0.5
0587_000_mf_n_00000000_r;0;204;952;68;56;68;56;0.5;0.5
0588_000_mf_n_00000000_n;0;272;952;68;56;68;56;0.5;0.5
0588_000_mf_n_00000000_r;0;340;952;68;56;68;56;0.5;0.5
0589_000_mf_n_00000000_n;0;408;952;68;56;68;56;0.5;0.5
0589_000_mf_n_00000000_r;0;476;952;68;56;68;56;0.5;0.5
0590_000_mf_n_00000000_n;0;544;952;68;56;68;56;0.5;0.5
0590_000_mf_n_00000000_r;0;612;952;68;56;68;56;0.5;0.5
0591_000_mf_n_00000000_n;0;680;952;68;56;68;56;0.5;0.5
0591_000_mf_n_00000000_r;0;748;952;68;56;68;56;0.5;0.5
0592_000_fo_n_00000000_n;0;816;952;68;56;68;56;0.5;0.5
0592_000_fo_n_00000000_r;0;884;952;68;56;68;56;0.5;0.5
0592_000_mf_n_00000000_n;0;952;952;68;56;68;56;0.5;0.5
0592_000_mf_n_00000000_r;0;1020;952;68;56;68;56;0.5;0.5
0593_000_fo_n_00000000_n;0;1088;952;68;56;68;56;0.5;0.5
0593_000_fo_n_00000000_r;0;1156;952;68;56;68;56;0.5;0.5
0593_000_mf_n_00000000_n;0;1224;952;68;56;68;56;0.5;0.5
0593_000_mf_n_00000000_r;0;1292;952;68;56;68;56;0.5;0.5
0594_000_mf_n_00000000_n;0;1360;952;68;56;68;56;0.5;0.5
0594_000_mf_n_00000000_r;0;1428;952;68;56;68;56;0.5;0.5
0595_000_mf_n_00000000_n;0;1496;952;68;56;68;56;0.5;0.5
0595_000_mf_n_00000000_r;0;1564;952;68;56;68;56;0.5;0.5
0596_000_mf_n_00000000_n;0;1632;952;68;56;68;56;0.5;0.5
0596_000_mf_n_00000000_r;0;1700;952;68;56;68;56;0.5;0.5
0597_000_mf_n_00000000_n;0;1768;952;68;56;68;56;0.5;0.5
0597_000_mf_n_00000000_r;0;1836;952;68;56;68;56;0.5;0.5
0598_000_mf_n_00000000_n;0;1904;952;68;56;68;56;0.5;0.5
0598_000_mf_n_00000000_r;0;1972;952;68;56;68;56;0.5;0.5
0599_000_mf_n_00000000_n;0;0;1008;68;56;68;56;0.5;0.5
0599_000_mf_n_00000000_r;0;68;1008;68;56;68;56;0.5;0.5
0600_000_mf_n_00000000_n;0;136;1008;68;56;68;56;0.5;0.5
0600_000_mf_n_00000000_r;0;204;1008;68;56;68;56;0.5;0.5
0601_000_mf_n_00000000_n;0;272;1008;68;56;68;56;0.5;0.5
0601_000_mf_n_00000000_r;0;340;1008;68;56;68;56;0.5;0.5
0602_000_mf_n_00000000_n;0;408;1008;68;56;68;56;0.5;0.5
0602_000_mf_n_00000000_r;0;476;1008;68;56;68;56;0.5;0.5
0603_000_mf_n_00000000_n;0;544;1008;68;56;68;56;0.5;0.5
0603_000_mf_n_00000000_r;0;612;1008;68;56;68;56;0.5;0.5
0604_000_mf_n_00000000_n;0;680;1008;68;56;68;56;0.5;0.5
0604_000_mf_n_00000000_r;0;748;1008;68;56;68;56;0.5;0.5
0605_000_mf_n_00000000_n;0;816;1008;68;56;68;56;0.5;0.5
0605_000_mf_n_00000000_r;0;884;1008;68;56;68;56;0.5;0.5
0606_000_mf_n_00000000_n;0;952;1008;68;56;68;56;0.5;0.5
0606_000_mf_n_00000000_r;0;1020;1008;68;56;68;56;0.5;0.5
0607_000_mf_n_00000000_n;0;1088;1008;68;56;68;56;0.5;0.5
0607_000_mf_n_00000000_r;0;1156;1008;68;56;68;56;0.5;0.5
0608_000_mf_n_00000000_n;0;1224;1008;68;56;68;56;0.5;0.5
0608_000_mf_n_00000000_r;0;1292;1008;68;56;68;56;0.5;0.5
0609_000_mf_n_00000000_n;0;1360;1008;68;56;68;56;0.5;0.5
0609_000_mf_n_00000000_r;0;1428;1008;68;56;68;56;0.5;0.5
0610_000_mf_n_00000000_n;0;1496;1008;68;56;68;56;0.5;0.5
0610_000_mf_n_00000000_r;0;1564;1008;68;56;68;56;0.5;0.5
0611_000_mf_n_00000000_n;0;1632;1008;68;56;68;56;0.5;0.5
0611_000_mf_n_00000000_r;0;1700;1008;68;56;68;56;0.5;0.5
0612_000_mf_n_00000000_n;0;1768;1008;68;56;68;56;0.5;0.5
0612_000_mf_n_00000000_r;0;1836;1008;68;56;68;56;0.5;0.5
0613_000_mf_n_00000000_n;0;1904;1008;68;56;68;56;0.5;0.5
0613_000_mf_n_00000000_r;0;1972;1008;68;56;68;56;0.5;0.5
0614_000_mf_n_00000000_n;0;0;1064;68;56;68;56;0.5;0.5
0614_000_mf_n_00000000_r;0;68;1064;68;56;68;56;0.5;0.5
0615_000_mf_n_00000000_n;0;136;1064;68;56;68;56;0.5;0.5
0615_000_mf_n_00000000_r;0;204;1064;68;56;68;56;0.5;0.5
0616_000_mf_n_00000000_n;0;272;1064;68;56;68;56;0.5;0.5
0616_000_mf_n_00000000_r;0;340;1064;68;56;68;56;0.5;0.5
0617_000_mf_n_00000000_n;0;408;1064;68;56;68;56;0.5;0.5
0617_000_mf_n_00000000_r;0;476;1064;68;56;68;56;0.5;0.5
0618_000_mf_n_00000000_n;0;544;1064;68;56;68;56;0.5;0.5
0618_000_mf_n_00000000_r;0;612;1064;68;56;68;56;0.5;0.5
0618_001_mf_n_00000000_n;0;680;1064;68;56;68;56;0.5;0.5
0618_001_mf_n_00000000_r;0;748;1064;68;56;68;56;0.5;0.5
0619_000_mf_n_00000000_n;0;816;1064;68;56;68;56;0.5;0.5
0619_000_mf_n_00000000_r;0;884;1064;68;56;68;56;0.5;0.5
0620_000_mf_n_00000000_n;0;952;1064;68;56;68;56;0.5;0.5
0620_000_mf_n_00000000_r;0;1020;1064;68;56;68;56;0.5;0.5
0621_000_mf_n_00000000_n;0;1088;1064;68;56;68;56;0.5;0.5
0621_000_mf_n_00000000_r;0;1156;1064;68;56;68;56;0.5;0.5
0622_000_mf_n_00000000_n;0;1224;1064;68;56;68;56;0.5;0.5
0622_000_mf_n_00000000_r;0;1292;1064;68;56;68;56;0.5;0.5
0623_000_mf_n_00000000_n;0;1360;1064;68;56;68;56;0.5;0.5
0623_000_mf_n_00000000_r;0;1428;1064;68;56;68;56;0.5;0.5
0624_000_mf_n_00000000_n;0;1496;1064;68;56;68;56;0.5;0.5
0624_000_mf_n_00000000_r;0;1564;1064;68;56;68;56;0.5;0.5
0625_000_mf_n_00000000_n;0;1632;1064;68;56;68;56;0.5;0.5
0625_000_mf_n_00000000_r;0;1700;1064;68;56;68;56;0.5;0.5
0626_000_mf_n_00000000_n;0;1768;1064;68;56;68;56;0.5;0.5
0626_000_mf_n_00000000_r;0;1836;1064;68;56;68;56;0.5;0.5
0627_000_mf_n_00000000_n;0;1904;1064;68;56;68;56;0.5;0.5
0627_000_mf_n_00000000_r;0;1972;1064;68;56;68;56;0.5;0.5
0628_000_mf_n_00000000_n;0;0;1120;68;56;68;56;0.5;0.5
0628_000_mf_n_00000000_r;0;68;1120;68;56;68;56;0.5;0.5
0628_001_mf_n_00000000_n;0;136;1120;68;56;68;56;0.5;0.5
0628_001_mf_n_00000000_r;0;204;1120;68;56;68;56;0.5;0.5
0629_000_mf_n_00000000_n;0;272;1120;68;56;68;56;0.5;0.5
0629_000_mf_n_00000000_r;0;340;1120;68;56;68;56;0.5;0.5
0630_000_mf_n_00000000_n;0;408;1120;68;56;68;56;0.5;0.5
0630_000_mf_n_00000000_r;0;476;1120;68;56;68;56;0.5;0.5
0631_000_mf_n_00000000_n;0;544;1120;68;56;68;56;0.5;0.5
0631_000_mf_n_00000000_r;0;612;1120;68;56;68;56;0.5;0.5
0632_000_mf_n_00000000_n;0;680;1120;68;56;68;56;0.5;0.5
0632_000_mf_n_00000000_r;0;748;1120;68;56;68;56;0.5;0.5
0633_000_mf_n_00000000_n;0;816;1120;68;56;68;56;0.5;0.5
0633_000_mf_n_00000000_r;0;884;1120;68;56;68;56;0.5;0.5
0634_000_mf_n_00000000_n;0;952;1120;68;56;68;56;0.5;0.5
0634_000_mf_n_00000000_r;0;1020;1120;68;56;68;56;0.5;0.5
0635_000_mf_n_00000000_n;0;1088;1120;68;56;68;56;0.5;0.5
0635_000_mf_n_00000000_r;0;1156;1120;68;56;68;56;0.5;0.5
0636_000_mf_n_00000000_n;0;1224;1120;68;56;68;56;0.5;0.5
0636_000_mf_n_00000000_r;0;1292;1120;68;56;68;56;0.5;0.5
0637_000_mf_n_00000000_n;0;1360;1120;68;56;68;56;0.5;0.5
0637_000_mf_n_00000000_r;0;1428;1120;68;56;68;56;0.5;0.5
0638_000_mf_n_00000000_n;0;1496;1120;68;56;68;56;0.5;0.5
0638_000_mf_n_00000000_r;0;1564;1120;68;56;68;56;0.5;0.5
0639_000_mf_n_00000000_n;0;1632;1120;68;56;68;56;0.5;0.5
0639_000_mf_n_00000000_r;0;1700;1120;68;56;68;56;0.5;0.5
0640_000_mf_n_00000000_n;0;1768;1120;68;56;68;56;0.5;0.5
0640_000_mf_n_00000000_r;0;1836;1120;68;56;68;56;0.5;0.5
0641_000_mf_n_00000000_n;0;1904;1120;68;56;68;56;0.5;0.5
0641_000_mf_n_00000000_r;0;1972;1120;68;56;68;56;0.5;0.5
0641_001_mf_n_00000000_n;0;0;1176;68;56;68;56;0.5;0.5
0641_001_mf_n_00000000_r;0;68;1176;68;56;68;56;0.5;0.5
0642_000_mf_n_00000000_n;0;136;1176;68;56;68;56;0.5;0.5
0642_000_mf_n_00000000_r;0;204;1176;68;56;68;56;0.5;0.5
0642_001_mf_n_00000000_n;0;272;1176;68;56;68;56;0.5;0.5
0642_001_mf_n_00000000_r;0;340;1176;68;56;68;56;0.5;0.5
0643_000_mf_n_00000000_n;0;408;1176;68;56;68;56;0.5;0.5
0643_000_mf_n_00000000_r;0;476;1176;68;56;68;56;0.5;0.5
0644_000_mf_n_00000000_n;0;544;1176;68;56;68;56;0.5;0.5
0644_000_mf_n_00000000_r;0;612;1176;68;56;68;56;0.5;0.5
0645_000_mf_n_00000000_n;0;680;1176;68;56;68;56;0.5;0.5
0645_000_mf_n_00000000_r;0;748;1176;68;56;68;56;0.5;0.5
0645_001_mf_n_00000000_n;0;816;1176;68;56;68;56;0.5;0.5
0645_001_mf_n_00000000_r;0;884;1176;68;56;68;56;0.5;0.5
0646_000_mf_n_00000000_n;0;952;1176;68;56;68;56;0.5;0.5
0646_000_mf_n_00000000_r;0;1020;1176;68;56;68;56;0.5;0.5
0646_001_mf_n_00000000_n;0;1088;1176;68;56;68;56;0.5;0.5
0646_001_mf_n_00000000_r;0;1156;1176;68;56;68;56;0.5;0.5
0646_002_mf_n_00000000_n;0;1224;1176;68;56;68;56;0.5;0.5
0646_002_mf_n_00000000_r;0;1292;1176;68;56;68;56;0.5;0.5
0647_000_mf_n_00000000_n;0;1360;1176;68;56;68;56;0.5;0.5
0647_000_mf_n_00000000_r;0;1428;1176;68;56;68;56;0.5;0.5
0647_001_mf_n_00000000_n;0;1496;1176;68;56;68;56;0.5;0.5
0647_001_mf_n_00000000_r;0;1564;1176;68;56;68;56;0.5;0.5
0648_000_mf_n_00000000_n;0;1632;1176;68;56;68;56;0.5;0.5
0648_000_mf_n_00000000_r;0;1700;1176;68;56;68;56;0.5;0.5
0648_001_mf_n_00000000_n;0;1768;1176;68;56;68;56;0.5;0.5
0648_001_mf_n_00000000_r;0;1836;1176;68;56;68;56;0.5;0.5
0649_000_mf_n_00000000_n;0;1904;1176;68;56;68;56;0.5;0.5
0649_000_mf_n_00000000_r;0;1972;1176;68;56;68;56;0.5;0.5
0649_001_mf_n_00000000_n;0;0;1232;68;56;68;56;0.5;0.5
0649_001_mf_n_00000000_r;0;68;1232;68;56;68;56;0.5;0.5
0649_002_mf_n_00000000_n;0;136;1232;68;56;68;56;0.5;0.5
0649_002_mf_n_00000000_r;0;204;1232;68;56;68;56;0.5;0.5
0649_003_mf_n_00000000_n;0;272;1232;68;56;68;56;0.5;0.5
0649_003_mf_n_00000000_r;0;340;1232;68;56;68;56;0.5;0.5
0649_004_mf_n_00000000_n;0;408;1232;68;56;68;56;0.5;0.5
0649_004_mf_n_00000000_r;0;476;1232;68;56;68;56;0.5;0.5
0650_000_mf_n_00000000_n;0;544;1232;68;56;68;56;0.5;0.5
0650_000_mf_n_00000000_r;0;612;1232;68;56;68;56;0.5;0.5
0651_000_mf_n_00000000_n;0;680;1232;68;56;68;56;0.5;0.5
0651_000_mf_n_00000000_r;0;748;1232;68;56;68;56;0.5;0.5
0652_000_mf_n_00000000_n;0;816;1232;68;56;68;56;0.5;0.5
0652_000_mf_n_00000000_r;0;884;1232;68;56;68;56;0.5;0.5
0653_000_mf_n_00000000_n;0;952;1232;68;56;68;56;0.5;0.5
0653_000_mf_n_00000000_r;0;1020;1232;68;56;68;56;0.5;0.5
0654_000_mf_n_00000000_n;0;1088;1232;68;56;68;56;0.5;0.5
0654_000_mf_n_00000000_r;0;1156;1232;68;56;68;56;0.5;0.5
0655_000_mf_n_00000000_n;0;1224;1232;68;56;68;56;0.5;0.5
0655_000_mf_n_00000000_r;0;1292;1232;68;56;68;56;0.5;0.5
0656_000_mf_n_00000000_n;0;1360;1232;68;56;68;56;0.5;0.5
0656_000_mf_n_00000000_r;0;1428;1232;68;56;68;56;0.5;0.5
0657_000_mf_n_00000000_n;0;1496;1232;68;56;68;56;0.5;0.5
0657_000_mf_n_00000000_r;0;1564;1232;68;56;68;56;0.5;0.5
0658_000_mf_n_00000000_n;0;1632;1232;68;56;68;56;0.5;0.5
0658_000_mf_n_00000000_r;0;1700;1232;68;56;68;56;0.5;0.5
0658_002_mf_n_00000000_n;0;1768;1232;68;56;68;56;0.5;0.5
0658_002_mf_n_00000000_r;0;1836;1232;68;56;68;56;0.5;0.5
0659_000_mf_n_00000000_n;0;1904;1232;68;56;68;56;0.5;0.5
0659_000_mf_n_00000000_r;0;1972;1232;68;56;68;56;0.5;0.5
0660_000_mf_n_00000000_n;0;0;1288;68;56;68;56;0.5;0.5
0660_000_mf_n_00000000_r;0;68;1288;68;56;68;56;0.5;0.5
0661_000_mf_n_00000000_n;0;136;1288;68;56;68;56;0.5;0.5
0661_000_mf_n_00000000_r;0;204;1288;68;56;68;56;0.5;0.5
0662_000_mf_n_00000000_n;0;272;1288;68;56;68;56;0.5;0.5
0662_000_mf_n_00000000_r;0;340;1288;68;56;68;56;0.5;0.5
0663_000_mf_n_00000000_n;0;408;1288;68;56;68;56;0.5;0.5
0663_000_mf_n_00000000_r;0;476;1288;68;56;68;56;0.5;0.5
0664_000_mf_n_00000000_n;0;544;1288;68;56;68;56;0.5;0.5
0664_000_mf_n_00000000_r;0;612;1288;68;56;68;56;0.5;0.5
0665_000_mf_n_00000000_n;0;680;1288;68;56;68;56;0.5;0.5
0665_000_mf_n_00000000_r;0;748;1288;68;56;68;56;0.5;0.5
0666_000_mf_n_00000000_n;0;816;1288;68;56;68;56;0.5;0.5
0666_000_mf_n_00000000_r;0;884;1288;68;56;68;56;0.5;0.5
0666_001_mf_n_00000000_n;0;952;1288;68;56;68;56;0.5;0.5
0666_001_mf_n_00000000_r;0;1020;1288;68;56;68;56;0.5;0.5
0666_002_mf_n_00000000_n;0;1088;1288;68;56;68;56;0.5;0.5
0666_002_mf_n_00000000_r;0;1156;1288;68;56;68;56;0.5;0.5
0666_003_mf_n_00000000_n;0;1224;1288;68;56;68;56;0.5;0.5
0666_003_mf_n_00000000_r;0;1292;1288;68;56;68;56;0.5;0.5
0666_004_mf_n_00000000_n;0;1360;1288;68;56;68;56;0.5;0.5
0666_004_mf_n_00000000_r;0;1428;1288;68;56;68;56;0.5;0.5
0666_005_mf_n_00000000_n;0;1496;1288;68;56;68;56;0.5;0.5
0666_005_mf_n_00000000_r;0;1564;1288;68;56;68;56;0.5;0.5
0666_006_mf_n_00000000_n;0;1632;1288;68;56;68;56;0.5;0.5
0666_006_mf_n_00000000_r;0;1700;1288;68;56;68;56;0.5;0.5
0666_007_mf_n_00000000_n;0;1768;1288;68;56;68;56;0.5;0.5
0666_007_mf_n_00000000_r;0;1836;1288;68;56;68;56;0.5;0.5
0666_008_mf_n_00000000_n;0;1904;1288;68;56;68;56;0.5;0.5
0666_008_mf_n_00000000_r;0;1972;1288;68;56;68;56;0.5;0.5
0666_009_mf_n_00000000_n;0;0;1344;68;56;68;56;0.5;0.5
0666_009_mf_n_00000000_r;0;68;1344;68;56;68;56;0.5;0.5
0666_010_mf_n_00000000_n;0;136;1344;68;56;68;56;0.5;0.5
0666_010_mf_n_00000000_r;0;204;1344;68;56;68;56;0.5;0.5
0666_011_mf_n_00000000_n;0;272;1344;68;56;68;56;0.5;0.5
0666_011_mf_n_00000000_r;0;340;1344;68;56;68;56;0.5;0.5
0666_012_mf_n_00000000_n;0;408;1344;68;56;68;56;0.5;0.5
0666_012_mf_n_00000000_r;0;476;1344;68;56;68;56;0.5;0.5
0666_013_mf_n_00000000_n;0;544;1344;68;56;68;56;0.5;0.5
0666_013_mf_n_00000000_r;0;612;1344;68;56;68;56;0.5;0.5
0666_014_mf_n_00000000_n;0;680;1344;68;56;68;56;0.5;0.5
0666_014_mf_n_00000000_r;0;748;1344;68;56;68;56;0.5;0.5
0666_015_mf_n_00000000_n;0;816;1344;68;56;68;56;0.5;0.5
0666_015_mf_n_00000000_r;0;884;1344;68;56;68;56;0.5;0.5
0666_016_mf_n_00000000_n;0;952;1344;68;56;68;56;0.5;0.5
0666_016_mf_n_00000000_r;0;1020;1344;68;56;68;56;0.5;0.5
0666_017_mf_n_00000000_n;0;1088;1344;68;56;68;56;0.5;0.5
0666_017_mf_n_00000000_r;0;1156;1344;68;56;68;56;0.5;0.5
0666_018_mf_n_00000000_n;0;1224;1344;68;56;68;56;0.5;0.5
0666_018_mf_n_00000000_r;0;1292;1344;68;56;68;56;0.5;0.5
0666_019_mf_n_00000000_n;0;1360;1344;68;56;68;56;0.5;0.5
0666_019_mf_n_00000000_r;0;1428;1344;68;56;68;56;0.5;0.5
0667_000_mf_n_00000000_n;0;1496;1344;68;56;68;56;0.5;0.5
0667_000_mf_n_00000000_r;0;1564;1344;68;56;68;56;0.5;0.5
0668_000_fo_n_00000000_n;0;1632;1344;68;56;68;56;0.5;0.5
0668_000_fo_n_00000000_r;0;1700;1344;68;56;68;56;0.5;0.5
0668_000_mf_n_00000000_n;0;1768;1344;68;56;68;56;0.5;0.5
0668_000_mf_n_00000000_r;0;1836;1344;68;56;68;56;0.5;0.5
0669_000_mf_n_00000000_n;0;1904;1344;68;56;68;56;0.5;0.5
0669_000_mf_n_00000000_r;0;1972;1344;68;56;68;56;0.5;0.5
0669_001_mf_n_00000000_n;0;0;1400;68;56;68;56;0.5;0.5
0669_001_mf_n_00000000_r;0;68;1400;68;56;68;56;0.5;0.5
0669_002_mf_n_00000000_n;0;136;1400;68;56;68;56;0.5;0.5
0669_002_mf_n_00000000_r;0;204;1400;68;56;68;56;0.5;0.5
0669_003_mf_n_00000000_n;0;272;1400;68;56;68;56;0.5;0.5
0669_003_mf_n_00000000_r;0;340;1400;68;56;68;56;0.5;0.5
0669_004_mf_n_00000000_n;0;408;1400;68;56;68;56;0.5;0.5
0669_004_mf_n_00000000_r;0;476;1400;68;56;68;56;0.5;0.5
0670_000_mf_n_00000000_n;0;544;1400;68;56;68;56;0.5;0.5
0670_000_mf_n_00000000_r;0;612;1400;68;56;68;56;0.5;0.5
0670_001_mf_n_00000000_n;0;680;1400;68;56;68;56;0.5;0.5
0670_001_mf_n_00000000_r;0;748;1400;68;56;68;56;0.5;0.5
0670_002_mf_n_00000000_n;0;816;1400;68;56;68;56;0.5;0.5
0670_002_mf_n_00000000_r;0;884;1400;68;56;68;56;0.5;0.5
0670_003_mf_n_00000000_n;0;952;1400;68;56;68;56;0.5;0.5
0670_003_mf_n_00000000_r;0;1020;1400;68;56;68;56;0.5;0.5
0670_004_mf_n_00000000_n;0;1088;1400;68;56;68;56;0.5;0.5
0670_004_mf_n_00000000_r;0;1156;1400;68;56;68;56;0.5;0.5
0670_005_mf_n_00000000_n;0;1224;1400;68;56;68;56;0.5;0.5
0670_005_mf_n_00000000_r;0;1292;1400;68;56;68;56;0.5;0.5
0671_000_mf_n_00000000_n;0;1360;1400;68;56;68;56;0.5;0.5
0671_000_mf_n_00000000_r;0;1428;1400;68;56;68;56;0.5;0.5
0671_001_mf_n_00000000_n;0;1496;1400;68;56;68;56;0.5;0.5
0671_001_mf_n_00000000_r;0;1564;1400;68;56;68;56;0.5;0.5
0671_002_mf_n_00000000_n;0;1632;1400;68;56;68;56;0.5;0.5
0671_002_mf_n_00000000_r;0;1700;1400;68;56;68;56;0.5;0.5
0671_003_mf_n_00000000_n;0;1768;1400;68;56;68;56;0.5;0.5
0671_003_mf_n_00000000_r;0;1836;1400;68;56;68;56;0.5;0.5
0671_004_mf_n_00000000_n;0;1904;1400;68;56;68;56;0.5;0.5
0671_004_mf_n_00000000_r;0;1972;1400;68;56;68;56;0.5;0.5
0672_000_mf_n_00000000_n;0;0;1456;68;56;68;56;0.5;0.5
0672_000_mf_n_00000000_r;0;68;1456;68;56;68;56;0.5;0.5
0673_000_mf_n_00000000_n;0;136;1456;68;56;68;56;0.5;0.5
0673_000_mf_n_00000000_r;0;204;1456;68;56;68;56;0.5;0.5
0674_000_mf_n_00000000_n;0;272;1456;68;56;68;56;0.5;0.5
0674_000_mf_n_00000000_r;0;340;1456;68;56;68;56;0.5;0.5
0675_000_mf_n_00000000_n;0;408;1456;68;56;68;56;0.5;0.5
0675_000_mf_n_00000000_r;0;476;1456;68;56;68;56;0.5;0.5
0676_000_mf_n_00000000_n;0;544;1456;68;56;68;56;0.5;0.5
0676_000_mf_n_00000000_r;0;612;1456;68;56;68;56;0.5;0.5
0676_001_mf_n_00000000_n;0;680;1456;68;56;68;56;0.5;0.5
0676_001_mf_n_00000000_r;0;748;1456;68;56;68;56;0.5;0.5
0676_002_mf_n_00000000_n;0;816;1456;68;56;68;56;0.5;0.5
0676_002_mf_n_00000000_r;0;884;1456;68;56;68;56;0.5;0.5
0676_003_mf_n_00000000_n;0;952;1456;68;56;68;56;0.5;0.5
0676_003_mf_n_00000000_r;0;1020;1456;68;56;68;56;0.5;0.5
0676_004_mf_n_00000000_n;0;1088;1456;68;56;68;56;0.5;0.5
0676_004_mf_n_00000000_r;0;1156;1456;68;56;68;56;0.5;0.5
0676_005_mf_n_00000000_n;0;1224;1456;68;56;68;56;0.5;0.5
0676_005_mf_n_00000000_r;0;1292;1456;68;56;68;56;0.5;0.5
0676_006_mf_n_00000000_n;0;1360;1456;68;56;68;56;0.5;0.5
0676_006_mf_n_00000000_r;0;1428;1456;68;56;68;56;0.5;0.5
0676_007_mf_n_00000000_n;0;1496;1456;68;56;68;56;0.5;0.5
0676_007_mf_n_00000000_r;0;1564;1456;68;56;68;56;0.5;0.5
0676_008_mf_n_00000000_n;0;1632;1456;68;56;68;56;0.5;0.5
0676_008_mf_n_00000000_r;0;1700;1456;68;56;68;56;0.5;0.5
0676_009_mf_n_00000000_n;0;1768;1456;68;56;68;56;0.5;0.5
0676_009_mf_n_00000000_r;0;1836;1456;68;56;68;56;0.5;0.5
0677_000_mf_n_00000000_n;0;1904;1456;68;56;68;56;0.5;0.5
0677_000_mf_n_00000000_r;0;1972;1456;68;56;68;56;0.5;0.5
0678_000_fo_n_00000000_n;0;0;1512;68;56;68;56;0.5;0.5
0678_000_fo_n_00000000_r;0;68;1512;68;56;68;56;0.5;0.5
0678_000_mf_n_00000000_n;0;136;1512;68;56;68;56;0.5;0.5
0678_000_mf_n_00000000_r;0;204;1512;68;56;68;56;0.5;0.5
0679_000_mf_n_00000000_n;0;272;1512;68;56;68;56;0.5;0.5
0679_000_mf_n_00000000_r;0;340;1512;68;56;68;56;0.5;0.5
0680_000_mf_n_00000000_n;0;408;1512;68;56;68;56;0.5;0.5
0680_000_mf_n_00000000_r;0;476;1512;68;56;68;56;0.5;0.5
0681_000_mf_n_00000000_n;0;544;1512;68;56;68;56;0.5;0.5
0681_000_mf_n_00000000_r;0;612;1512;68;56;68;56;0.5;0.5
0681_001_mf_n_00000000_n;0;680;1512;68;56;68;56;0.5;0.5
0681_001_mf_n_00000000_r;0;748;1512;68;56;68;56;0.5;0.5
0682_000_mf_n_00000000_n;0;816;1512;68;56;68;56;0.5;0.5
0682_000_mf_n_00000000_r;0;884;1512;68;56;68;56;0.5;0.5
0683_000_mf_n_00000000_n;0;952;1512;68;56;68;56;0.5;0.5
0683_000_mf_n_00000000_r;0;1020;1512;68;56;68;56;0.5;0.5
0684_000_mf_n_00000000_n;0;1088;1512;68;56;68;56;0.5;0.5
0684_000_mf_n_00000000_r;0;1156;1512;68;56;68;56;0.5;0.5
0685_000_mf_n_00000000_n;0;1224;1512;68;56;68;56;0.5;0.5
0685_000_mf_n_00000000_r;0;1292;1512;68;56;68;56;0.5;0.5
0686_000_mf_n_00000000_n;0;1360;1512;68;56;68;56;0.5;0.5
0686_000_mf_n_00000000_r;0;1428;1512;68;56;68;56;0.5;0.5
0687_000_mf_n_00000000_n;0;1496;1512;68;56;68;56;0.5;0.5
0687_000_mf_n_00000000_r;0;1564;1512;68;56;68;56;0.5;0.5
0688_000_mf_n_00000000_n;0;1632;1512;68;56;68;56;0.5;0.5
0688_000_mf_n_00000000_r;0;1700;1512;68;56;68;56;0.5;0.5
0689_000_mf_n_00000000_n;0;1768;1512;68;56;68;56;0.5;0.5
0689_000_mf_n_00000000_r;0;1836;1512;68;56;68;56;0.5;0.5
0690_000_mf_n_00000000_n;0;1904;1512;68;56;68;56;0.5;0.5
0690_000_mf_n_00000000_r;0;1972;1512;68;56;68;56;0.5;0.5
0691_000_mf_n_00000000_n;0;0;1568;68;56;68;56;0.5;0.5
0691_000_mf_n_00000000_r;0;68;1568;68;56;68;56;0.5;0.5
0692_000_mf_n_00000000_n;0;136;1568;68;56;68;56;0.5;0.5
0692_000_mf_n_00000000_r;0;204;1568;68;56;68;56;0.5;0.5
0693_000_mf_n_00000000_n;0;272;1568;68;56;68;56;0.5;0.5
0693_000_mf_n_00000000_r;0;340;1568;68;56;68;56;0.5;0.5
0694_000_mf_n_00000000_n;0;408;1568;68;56;68;56;0.5;0.5
0694_000_mf_n_00000000_r;0;476;1568;68;56;68;56;0.5;0.5
0695_000_mf_n_00000000_n;0;544;1568;68;56;68;56;0.5;0.5
0695_000_mf_n_00000000_r;0;612;1568;68;56;68;56;0.5;0.5
0696_000_mf_n_00000000_n;0;680;1568;68;56;68;56;0.5;0.5
0696_000_mf_n_00000000_r;0;748;1568;68;56;68;56;0.5;0.5
0697_000_mf_n_00000000_n;0;816;1568;68;56;68;56;0.5;0.5
0697_000_mf_n_00000000_r;0;884;1568;68;56;68;56;0.5;0.5
0698_000_mf_n_00000000_n;0;952;1568;68;56;68;56;0.5;0.5
0698_000_mf_n_00000000_r;0;1020;1568;68;56;68;56;0.5;0.5
0699_000_mf_n_00000000_n;0;1088;1568;68;56;68;56;0.5;0.5
0699_000_mf_n_00000000_r;0;1156;1568;68;56;68;56;0.5;0.5
0700_000_mf_n_00000000_n;0;1224;1568;68;56;68;56;0.5;0.5
0700_000_mf_n_00000000_r;0;1292;1568;68;56;68;56;0.5;0.5
0701_000_mf_n_00000000_n;0;1360;1568;68;56;68;56;0.5;0.5
0701_000_mf_n_00000000_r;0;1428;1568;68;56;68;56;0.5;0.5
0702_000_mf_n_00000000_n;0;1496;1568;68;56;68;56;0.5;0.5
0702_000_mf_n_00000000_r;0;1564;1568;68;56;68;56;0.5;0.5
0703_000_mf_n_00000000_n;0;1632;1568;68;56;68;56;0.5;0.5
0703_000_mf_n_00000000_r;0;1700;1568;68;56;68;56;0.5;0.5
0704_000_mf_n_00000000_n;0;1768;1568;68;56;68;56;0.5;0.5
0704_000_mf_n_00000000_r;0;1836;1568;68;56;68;56;0.5;0.5
0705_000_mf_n_00000000_n;0;1904;1568;68;56;68;56;0.5;0.5
0705_000_mf_n_00000000_r;0;1972;1568;68;56;68;56;0.5;0.5
0705_001_mf_n_00000000_n;0;0;1624;68;56;68;56;0.5;0.5
0705_001_mf_n_00000000_r;0;68;1624;68;56;68;56;0.5;0.5
0706_000_mf_n_00000000_n;0;136;1624;68;56;68;56;0.5;0.5
0706_000_mf_n_00000000_r;0;204;1624;68;56;68;56;0.5;0.5
0706_001_mf_n_00000000_n;0;272;1624;68;56;68;56;0.5;0.5
0706_001_mf_n_00000000_r;0;340;1624;68;56;68;56;0.5;0.5
0707_000_mf_n_00000000_n;0;408;1624;68;56;68;56;0.5;0.5
0707_000_mf_n_00000000_r;0;476;1624;68;56;68;56;0.5;0.5
0708_000_mf_n_00000000_n;0;544;1624;68;56;68;56;0.5;0.5
0708_000_mf_n_00000000_r;0;612;1624;68;56;68;56;0.5;0.5
0709_000_mf_n_00000000_n;0;680;1624;68;56;68;56;0.5;0.5
0709_000_mf_n_00000000_r;0;748;1624;68;56;68;56;0.5;0.5
0710_000_mf_n_00000000_n;0;816;1624;68;56;68;56;0.5;0.5
0710_000_mf_n_00000000_r;0;884;1624;68;56;68;56;0.5;0.5
0710_001_mf_n_00000000_n;0;952;1624;68;56;68;56;0.5;0.5
0710_001_mf_n_00000000_r;0;1020;1624;68;56;68;56;0.5;0.5
0710_002_mf_n_00000000_n;0;1088;1624;68;56;68;56;0.5;0.5
0710_002_mf_n_00000000_r;0;1156;1624;68;56;68;56;0.5;0.5
0710_003_mf_n_00000000_n;0;1224;1624;68;56;68;56;0.5;0.5
0710_003_mf_n_00000000_r;0;1292;1624;68;56;68;56;0.5;0.5
0711_000_mf_n_00000000_n;0;1360;1624;68;56;68;56;0.5;0.5
0711_000_mf_n_00000000_r;0;1428;1624;68;56;68;56;0.5;0.5
0711_001_mf_n_00000000_n;0;1496;1624;68;56;68;56;0.5;0.5
0711_001_mf_n_00000000_r;0;1564;1624;68;56;68;56;0.5;0.5
0711_002_mf_n_00000000_n;0;1632;1624;68;56;68;56;0.5;0.5
0711_002_mf_n_00000000_r;0;1700;1624;68;56;68;56;0.5;0.5
0711_003_mf_n_00000000_n;0;1768;1624;68;56;68;56;0.5;0.5
0711_003_mf_n_00000000_r;0;1836;1624;68;56;68;56;0.5;0.5
0712_000_mf_n_00000000_n;0;1904;1624;68;56;68;56;0.5;0.5
0712_000_mf_n_00000000_r;0;1972;1624;68;56;68;56;0.5;0.5
0713_000_mf_n_00000000_n;0;0;1680;68;56;68;56;0.5;0.5
0713_000_mf_n_00000000_r;0;68;1680;68;56;68;56;0.5;0.5
0713_001_mf_n_00000000_n;0;136;1680;68;56;68;56;0.5;0.5
0713_001_mf_n_00000000_r;0;204;1680;68;56;68;56;0.5;0.5
0714_000_mf_n_00000000_n;0;272;1680;68;56;68;56;0.5;0.5
0714_000_mf_n_00000000_r;0;340;1680;68;56;68;56;0.5;0.5
0715_000_mf_n_00000000_n;0;408;1680;68;56;68;56;0.5;0.5
0715_000_mf_n_00000000_r;0;476;1680;68;56;68;56;0.5;0.5
0716_000_mf_n_00000000_n;0;544;1680;68;56;68;56;0.5;0.5
0716_000_mf_n_00000000_r;0;612;1680;68;56;68;56;0.5;0.5
0716_001_mf_n_00000000_n;0;680;1680;68;56;68;56;0.5;0.5
0716_001_mf_n_00000000_r;0;748;1680;68;56;68;56;0.5;0.5
0717_000_mf_n_00000000_n;0;816;1680;68;56;68;56;0.5;0.5
0717_000_mf_n_00000000_r;0;884;1680;68;56;68;56;0.5;0.5
0718_000_mf_n_00000000_n;0;952;1680;68;56;68;56;0.5;0.5
0718_000_mf_n_00000000_r;0;1020;1680;68;56;68;56;0.5;0.5
0718_001_mf_n_00000000_n;0;1088;1680;68;56;68;56;0.5;0.5
0718_001_mf_n_00000000_r;0;1156;1680;68;56;68;56;0.5;0.5
0718_004_mf_n_00000000_n;0;1224;1680;68;56;68;56;0.5;0.5
0718_004_mf_n_00000000_r;0;1292;1680;68;56;68;56;0.5;0.5
0719_000_mf_n_00000000_n;0;1360;1680;68;56;68;56;0.5;0.5
0719_000_mf_n_00000000_r;0;1428;1680;68;56;68;56;0.5;0.5
0719_001_mf_n_00000000_n;0;1496;1680;68;56;68;56;0.5;0.5
0719_001_mf_n_00000000_r;0;1564;1680;68;56;68;56;0.5;0.5
0720_000_mf_n_00000000_n;0;1632;1680;68;56;68;56;0.5;0.5
0720_000_mf_n_00000000_r;0;1700;1680;68;56;68;56;0.5;0.5
0720_001_mf_n_00000000_n;0;1768;1680;68;56;68;56;0.5;0.5
0720_001_mf_n_00000000_r;0;1836;1680;68;56;68;56;0.5;0.5
0721_000_mf_n_00000000_n;0;1904;1680;68;56;68;56;0.5;0.5
0721_000_mf_n_00000000_r;0;1972;1680;68;56;68;56;0.5;0.5
0722_000_mf_n_00000000_n;0;0;1736;68;56;68;56;0.5;0.5
0722_000_mf_n_00000000_r;0;68;1736;68;56;68;56;0.5;0.5
0723_000_mf_n_00000000_n;0;136;1736;68;56;68;56;0.5;0.5
0723_000_mf_n_00000000_r;0;204;1736;68;56;68;56;0.5;0.5
0724_000_mf_n_00000000_n;0;272;1736;68;56;68;56;0.5;0.5
0724_000_mf_n_00000000_r;0;340;1736;68;56;68;56;0.5;0.5
0724_001_mf_n_00000000_n;0;408;1736;68;56;68;56;0.5;0.5
0724_001_mf_n_00000000_r;0;476;1736;68;56;68;56;0.5;0.5
0725_000_mf_n_00000000_n;0;544;1736;68;56;68;56;0.5;0.5
0725_000_mf_n_00000000_r;0;612;1736;68;56;68;56;0.5;0.5
0726_000_mf_n_00000000_n;0;680;1736;68;56;68;56;0.5;0.5
0726_000_mf_n_00000000_r;0;748;1736;68;56;68;56;0.5;0.5
0727_000_mf_n_00000000_n;0;816;1736;68;56;68;56;0.5;0.5
0727_000_mf_n_00000000_r;0;884;1736;68;56;68;56;0.5;0.5
0728_000_mf_n_00000000_n;0;952;1736;68;56;68;56;0.5;0.5
0728_000_mf_n_00000000_r;0;1020;1736;68;56;68;56;0.5;0.5
0729_000_mf_n_00000000_n;0;1088;1736;68;56;68;56;0.5;0.5
0729_000_mf_n_00000000_r;0;1156;1736;68;56;68;56;0.5;0.5
0730_000_mf_n_00000000_n;0;1224;1736;68;56;68;56;0.5;0.5
0730_000_mf_n_00000000_r;0;1292;1736;68;56;68;56;0.5;0.5
0731_000_mf_n_00000000_n;0;1360;1736;68;56;68;56;0.5;0.5
0731_000_mf_n_00000000_r;0;1428;1736;68;56;68;56;0.5;0.5
0732_000_mf_n_00000000_n;0;1496;1736;68;56;68;56;0.5;0.5
0732_000_mf_n_00000000_r;0;1564;1736;68;56;68;56;0.5;0.5
0733_000_mf_n_00000000_n;0;1632;1736;68;56;68;56;0.5;0.5
0733_000_mf_n_00000000_r;0;1700;1736;68;56;68;56;0.5;0.5
0734_000_mf_n_00000000_n;0;1768;1736;68;56;68;56;0.5;0.5
0734_000_mf_n_00000000_r;0;1836;1736;68;56;68;56;0.5;0.5
0735_000_mf_n_00000000_n;0;1904;1736;68;56;68;56;0.5;0.5
0735_000_mf_n_00000000_r;0;1972;1736;68;56;68;56;0.5;0.5
0736_000_mf_n_00000000_n;0;0;1792;68;56;68;56;0.5;0.5
0736_000_mf_n_00000000_r;0;68;1792;68;56;68;56;0.5;0.5
0737_000_mf_n_00000000_n;0;136;1792;68;56;68;56;0.5;0.5
0737_000_mf_n_00000000_r;0;204;1792;68;56;68;56;0.5;0.5
0738_000_mf_n_00000000_n;0;272;1792;68;56;68;56;0.5;0.5
0738_000_mf_n_00000000_r;0;340;1792;68;56;68;56;0.5;0.5
0739_000_mf_n_00000000_n;0;408;1792;68;56;68;56;0.5;0.5
0739_000_mf_n_00000000_r;0;476;1792;68;56;68;56;0.5;0.5
0740_000_mf_n_00000000_n;0;544;1792;68;56;68;56;0.5;0.5
0740_000_mf_n_00000000_r;0;612;1792;68;56;68;56;0.5;0.5
0741_000_mf_n_00000000_n;0;680;1792;68;56;68;56;0.5;0.5
0741_000_mf_n_00000000_r;0;748;1792;68;56;68;56;0.5;0.5
0741_001_mf_n_00000000_n;0;816;1792;68;56;68;56;0.5;0.5
0741_001_mf_n_00000000_r;0;884;1792;68;56;68;56;0.5;0.5
0741_002_mf_n_00000000_n;0;952;1792;68;56;68;56;0.5;0.5
0741_002_mf_n_00000000_r;0;1020;1792;68;56;68;56;0.5;0.5
0741_003_mf_n_00000000_n;0;1088;1792;68;56;68;56;0.5;0.5
0741_003_mf_n_00000000_r;0;1156;1792;68;56;68;56;0.5;0.5
0742_000_mf_n_00000000_n;0;1224;1792;68;56;68;56;0.5;0.5
0742_000_mf_n_00000000_r;0;1292;1792;68;56;68;56;0.5;0.5
0743_000_mf_n_00000000_n;0;1360;1792;68;56;68;56;0.5;0.5
0743_000_mf_n_00000000_r;0;1428;1792;68;56;68;56;0.5;0.5
0744_000_mf_n_00000000_n;0;1496;1792;68;56;68;56;0.5;0.5
0744_000_mf_n_00000000_r;0;1564;1792;68;56;68;56;0.5;0.5
0745_000_mf_n_00000000_n;0;1632;1792;68;56;68;56;0.5;0.5
0745_000_mf_n_00000000_r;0;1700;1792;68;56;68;56;0.5;0.5
0745_001_mf_n_00000000_n;0;1768;1792;68;56;68;56;0.5;0.5
0745_001_mf_n_00000000_r;0;1836;1792;68;56;68;56;0.5;0.5
0745_002_mf_n_00000000_n;0;1904;1792;68;56;68;56;0.5;0.5
0745_002_mf_n_00000000_r;0;1972;1792;68;56;68;56;0.5;0.5
0746_000_mf_n_00000000_n;0;0;1848;68;56;68;56;0.5;0.5
0746_000_mf_n_00000000_r;0;68;1848;68;56;68;56;0.5;0.5
0746_001_mf_n_00000000_n;0;136;1848;68;56;68;56;0.5;0.5
0746_001_mf_n_00000000_r;0;204;1848;68;56;68;56;0.5;0.5
0747_000_mf_n_00000000_n;0;272;1848;68;56;68;56;0.5;0.5
0747_000_mf_n_00000000_r;0;340;1848;68;56;68;56;0.5;0.5
0748_000_mf_n_00000000_n;0;408;1848;68;56;68;56;0.5;0.5
0748_000_mf_n_00000000_r;0;476;1848;68;56;68;56;0.5;0.5
0749_000_mf_n_00000000_n;0;544;1848;68;56;68;56;0.5;0.5
0749_000_mf_n_00000000_r;0;612;1848;68;56;68;56;0.5;0.5
0750_000_mf_n_00000000_n;0;680;1848;68;56;68;56;0.5;0.5
0750_000_mf_n_00000000_r;0;748;1848;68;56;68;56;0.5;0.5
0751_000_mf_n_00000000_n;0;816;1848;68;56;68;56;0.5;0.5
0751_000_mf_n_00000000_r;0;884;1848;68;56;68;56;0.5;0.5
0752_000_mf_n_00000000_n;0;952;1848;68;56;68;56;0.5;0.5
0752_000_mf_n_00000000_r;0;1020;1848;68;56;68;56;0.5;0.5
0753_000_mf_n_00000000_n;0;1088;1848;68;56;68;56;0.5;0.5
0753_000_mf_n_00000000_r;0;1156;1848;68;56;68;56;0.5;0.5
0754_000_mf_n_00000000_n;0;1224;1848;68;56;68;56;0.5;0.5
0754_000_mf_n_00000000_r;0;1292;1848;68;56;68;56;0.5;0.5
0755_000_mf_n_00000000_n;0;1360;1848;68;56;68;56;0.5;0.5
0755_000_mf_n_00000000_r;0;1428;1848;68;56;68;56;0.5;0.5
0756_000_mf_n_00000000_n;0;1496;1848;68;56;68;56;0.5;0.5
0756_000_mf_n_00000000_r;0;1564;1848;68;56;68;56;0.5;0.5
0757_000_mf_n_00000000_n;0;1632;1848;68;56;68;56;0.5;0.5
0757_000_mf_n_00000000_r;0;1700;1848;68;56;68;56;0.5;0.5
0758_000_mf_n_00000000_n;0;1768;1848;68;56;68;56;0.5;0.5
0758_000_mf_n_00000000_r;0;1836;1848;68;56;68;56;0.5;0.5
0759_000_mf_n_00000000_n;0;1904;1848;68;56;68;56;0.5;0.5
0759_000_mf_n_00000000_r;0;1972;1848;68;56;68;56;0.5;0.5
0760_000_mf_n_00000000_n;0;0;1904;68;56;68;56;0.5;0.5
0760_000_mf_n_00000000_r;0;68;1904;68;56;68;56;0.5;0.5
0761_000_mf_n_00000000_n;0;136;1904;68;56;68;56;0.5;0.5
0761_000_mf_n_00000000_r;0;204;1904;68;56;68;56;0.5;0.5
0762_000_mf_n_00000000_n;0;272;1904;68;56;68;56;0.5;0.5
0762_000_mf_n_00000000_r;0;340;1904;68;56;68;56;0.5;0.5
0763_000_mf_n_00000000_n;0;408;1904;68;56;68;56;0.5;0.5
0763_000_mf_n_00000000_r;0;476;1904;68;56;68;56;0.5;0.5
0764_000_mf_n_00000000_n;0;544;1904;68;56;68;56;0.5;0.5
0764_000_mf_n_00000000_r;0;612;1904;68;56;68;56;0.5;0.5
0765_000_mf_n_00000000_n;0;680;1904;68;56;68;56;0.5;0.5
0765_000_mf_n_00000000_r;0;748;1904;68;56;68;56;0.5;0.5
0766_000_mf_n_00000000_n;0;816;1904;68;56;68;56;0.5;0.5
0766_000_mf_n_00000000_r;0;884;1904;68;56;68;56;0.5;0.5
0767_000_mf_n_00000000_n;0;952;1904;68;56;68;56;0.5;0.5
0767_000_mf_n_00000000_r;0;1020;1904;68;56;68;56;0.5;0.5
0768_000_mf_n_00000000_n;0;1088;1904;68;56;68;56;0.5;0.5
0768_000_mf_n_00000000_r;0;1156;1904;68;56;68;56;0.5;0.5
0769_000_mf_n_00000000_n;0;1224;1904;68;56;68;56;0.5;0.5
0769_000_mf_n_00000000_r;0;1292;1904;68;56;68;56;0.5;0.5
0770_000_mf_n_00000000_n;0;1360;1904;68;56;68;56;0.5;0.5
0770_000_mf_n_00000000_r;0;1428;1904;68;56;68;56;0.5;0.5
0771_000_mf_n_00000000_n;0;1496;1904;68;56;68;56;0.5;0.5
0771_000_mf_n_00000000_r;0;1564;1904;68;56;68;56;0.5;0.5
0772_000_mf_n_00000000_n;0;1632;1904;68;56;68;56;0.5;0.5
0772_000_mf_n_00000000_r;0;1700;1904;68;56;68;56;0.5;0.5
0773_000_mf_n_00000000_n;0;1768;1904;68;56;68;56;0.5;0.5
0773_000_mf_n_00000000_r;0;1836;1904;68;56;68;56;0.5;0.5
0773_001_mf_n_00000000_n;0;1904;1904;68;56;68;56;0.5;0.5
0773_001_mf_n_00000000_r;0;1972;1904;68;56;68;56;0.5;0.5
0773_002_mf_n_00000000_n;0;0;1960;68;56;68;56;0.5;0.5
0773_002_mf_n_00000000_r;0;68;1960;68;56;68;56;0.5;0.5
0773_003_mf_n_00000000_n;0;136;1960;68;56;68;56;0.5;0.5
0773_003_mf_n_00000000_r;0;204;1960;68;56;68;56;0.5;0.5
0773_004_mf_n_00000000_n;0;272;1960;68;56;68;56;0.5;0.5
0773_004_mf_n_00000000_r;0;340;1960;68;56;68;56;0.5;0.5
0773_005_mf_n_00000000_n;0;408;1960;68;56;68;56;0.5;0.5
0773_005_mf_n_00000000_r;0;476;1960;68;56;68;56;0.5;0.5
0773_006_mf_n_00000000_n;0;544;1960;68;56;68;56;0.5;0.5
0773_006_mf_n_00000000_r;0;612;1960;68;56;68;56;0.5;0.5
0773_007_mf_n_00000000_n;0;680;1960;68;56;68;56;0.5;0.5
0773_007_mf_n_00000000_r;0;748;1960;68;56;68;56;0.5;0.5
0773_008_mf_n_00000000_n;0;816;1960;68;56;68;56;0.5;0.5
0773_008_mf_n_00000000_r;0;884;1960;68;56;68;56;0.5;0.5
0773_009_mf_n_00000000_n;0;952;1960;68;56;68;56;0.5;0.5
0773_009_mf_n_00000000_r;0;1020;1960;68;56;68;56;0.5;0.5
0773_010_mf_n_00000000_n;0;1088;1960;68;56;68;56;0.5;0.5
0773_010_mf_n_00000000_r;0;1156;1960;68;56;68;56;0.5;0.5
0773_011_mf_n_00000000_n;0;1224;1960;68;56;68;56;0.5;0.5
0773_011_mf_n_00000000_r;0;1292;1960;68;56;68;56;0.5;0.5
0773_012_mf_n_00000000_n;0;1360;1960;68;56;68;56;0.5;0.5
0773_012_mf_n_00000000_r;0;1428;1960;68;56;68;56;0.5;0.5
0773_013_mf_n_00000000_n;0;1496;1960;68;56;68;56;0.5;0.5
0773_013_mf_n_00000000_r;0;1564;1960;68;56;68;56;0.5;0.5
0773_014_mf_n_00000000_n;0;1632;1960;68;56;68;56;0.5;0.5
0773_014_mf_n_00000000_r;0;1700;1960;68;56;68;56;0.5;0.5
0773_015_mf_n_00000000_n;0;1768;1960;68;56;68;56;0.5;0.5
0773_015_mf_n_00000000_r;0;1836;1960;68;56;68;56;0.5;0.5
0773_016_mf_n_00000000_n;0;1904;1960;68;56;68;56;0.5;0.5
0773_016_mf_n_00000000_r;0;1972;1960;68;56;68;56;0.5;0.5